0 0.7356984478935699 0.15042843541732784 0.7490022172949002 0.16058394160583941
0 0.7011086474501108 0.1685179308156141 0.7144124168514412 0.17867343700412566
0 0.7184035476718403 0.1685179308156141 0.7317073170731707 0.17867343700412566
0 0.7871396895787139 0.1685179308156141 0.8004434589800443 0.17867343700412566
0 0.7529933481152994 0.18660742621390036 0.7662971175166298 0.19676293240241194
0 0.8647450110864745 0.15042843541732784 0.8762749445676274 0.16058394160583941
0 0.882039911308204 0.15042843541732784 0.893569844789357 0.16058394160583941
0 0.847450110864745 0.22246905744208187 0.858980044345898 0.23262456363059347
0 0.12195121951219512 0.3973341796255157 0.13791574279379157 0.40812440495080926
0 0.2155210643015521 0.41320215804506505 0.23148558758314855 0.4239923833703586
0 0.07538802660753881 0.42875277689622343 0.09135254988913526 0.439543002221517
0 0.12195121951219512 0.4446207553157728 0.13791574279379157 0.45541098064106633
0 0.16895787139689578 0.46017137416693116 0.18492239467849225 0.4709615994922247
0 0.12195121951219512 0.4757219930180895 0.13791574279379157 0.48651221834338304
0 0.12195121951219512 0.49158997143763883 0.13791574279379157 0.5023801967629324
0 0.2155210643015521 0.5071405902887972 0.23148558758314855 0.5179308156140907
0 0.12195121951219512 0.5230085687083466 0.13791574279379157 0.5337987940336402
0 0.16895787139689578 0.5385591875595049 0.18492239467849225 0.5493494128847984
0 0.30110864745011084 0.3979688987622977 0.316629711751663 0.40875912408759124
0 0.30110864745011084 0.41383687718184703 0.316629711751663 0.4246271025071406
0 0.30110864745011084 0.4293874960330054 0.316629711751663 0.44017772135829897
0 0.34767184035476717 0.44525547445255476 0.3631929046563193 0.4560456997778483
0 0.39379157427937916 0.4611234528721041 0.40931263858093125 0.47191367819739766
0 0.30110864745011084 0.4766740717232625 0.316629711751663 0.48746429704855604
0 0.30110864745011084 0.4925420501428118 0.316629711751663 0.5033322754681053
0 0.34767184035476717 0.5084100285623612 0.3631929046563193 0.5192002538876547
0 0.30110864745011084 0.5398286258330689 0.316629711751663 0.5506188511583624
0 0.5246119733924612 0.39828625833068865 0.5401330376940133 0.4090764836559822
0 0.5702882483370288 0.41383687718184703 0.5858093126385809 0.4246271025071406
0 0.5702882483370288 0.4297048556013964 0.5858093126385809 0.44049508092668993
0 0.6611973392461198 0.44525547445255476 0.6767184035476719 0.4560456997778483
0 0.6155210643015521 0.4611234528721041 0.6310421286031042 0.47191367819739766
0 0.5702882483370288 0.47699143129165344 0.5858093126385809 0.487781656616947
0 0.5246119733924612 0.4925420501428118 0.5401330376940133 0.5033322754681053
0 0.5702882483370288 0.5084100285623612 0.5858093126385809 0.5192002538876547
0 0.5246119733924612 0.5239606474135196 0.5401330376940133 0.534750872738813
0 0.5702882483370288 0.5398286258330689 0.5858093126385809 0.5506188511583624
0 0.8372505543237251 0.39701682005712474 0.8523281596452328 0.4078070453824183
0 0.8372505543237251 0.4284354173278324 0.8523281596452328 0.43922564265312597
0 0.7467849223946785 0.4439860361789908 0.7618625277161862 0.45477626150428435
0 0.7920177383592018 0.45985401459854014 0.8070953436807096 0.4706442399238337
0 0.8824833702882483 0.4757219930180895 0.8975609756097561 0.48651221834338304
0 0.8372505543237251 0.49127261186924787 0.8523281596452328 0.5020628371945414
0 0.7467849223946785 0.5071405902887972 0.7618625277161862 0.5179308156140907
0 0.8372505543237251 0.5226912091399556 0.8523281596452328 0.5334814344652491
0 0.8372505543237251 0.5385591875595049 0.8523281596452328 0.5493494128847984
0 0.07538802660753881 0.6296413836877182 0.09135254988913526 0.6410663281497937
0 0.21729490022172948 0.6296413836877182 0.23325942350332593 0.6410663281497937
0 0.07538802660753881 0.6455093621072675 0.09135254988913526 0.656934306569343
0 0.16984478935698447 0.6455093621072675 0.18580931263858094 0.656934306569343
0 0.07538802660753881 0.6616947000952079 0.09135254988913526 0.6731196445572833
0 0.21729490022172948 0.6616947000952079 0.23325942350332593 0.6731196445572833
0 0.16984478935698447 0.6775626785147573 0.18580931263858094 0.6889876229768328
0 0.3024390243902439 0.6305934623928912 0.317960088691796 0.6417010472865757
0 0.44168514412416854 0.6305934623928912 0.45720620842572063 0.6417010472865757
0 0.3490022172949002 0.6464614408124405 0.3645232815964523 0.6575690257061251
0 0.3951219512195122 0.6464614408124405 0.4106430155210643 0.6575690257061251
0 0.3490022172949002 0.6620120596635989 0.3645232815964523 0.6731196445572833
0 0.3951219512195122 0.6620120596635989 0.4106430155210643 0.6731196445572833
0 0.3490022172949002 0.6778800380831482 0.3645232815964523 0.6889876229768328
0 0.44168514412416854 0.6778800380831482 0.45720620842572063 0.6889876229768328
0 0.5716186252771619 0.6302761028245002 0.587139689578714 0.6413836877181847
0 0.6177383592017739 0.6302761028245002 0.633259423503326 0.6413836877181847
0 0.5716186252771619 0.6461440812440495 0.587139689578714 0.657251666137734
0 0.6177383592017739 0.6461440812440495 0.633259423503326 0.657251666137734
0 0.5259423503325943 0.6616947000952079 0.5414634146341464 0.6728022849888924
0 0.6177383592017739 0.6616947000952079 0.633259423503326 0.6728022849888924
0 0.5259423503325943 0.6772453189463662 0.5414634146341464 0.6883529038400508
0 0.6634146341463415 0.6772453189463662 0.6789356984478936 0.6883529038400508
0 0.8376940133037694 0.6286893049825453 0.8527716186252772 0.6401142494446208
0 0.7467849223946785 0.6445572834020946 0.7618625277161862 0.6559822278641702
0 0.8376940133037694 0.6445572834020946 0.8527716186252772 0.6559822278641702
0 0.7467849223946785 0.660425261821644 0.7618625277161862 0.6718502062837195
0 0.7467849223946785 0.6762932402411933 0.7618625277161862 0.6877181847032688
0 0.8833702882483371 0.6762932402411933 0.8984478935698448 0.6877181847032688
0 0.07361419068736141 0.7708663916217074 0.08913525498891353 0.782608695652174
0 0.09578713968957872 0.8308473500476039 0.11130820399113082 0.8425896540780704
0 0.07405764966740576 0.876864487464297 0.08957871396895788 0.8886067914947635
0 0.11840354767184036 0.876864487464297 0.13392461197339245 0.8886067914947635
0 0.14057649667405764 0.876864487464297 0.15609756097560976 0.8886067914947635
0 0.11840354767184036 0.8920977467470644 0.13392461197339245 0.9038400507775309
0 0.24567627494456762 0.8324341478895588 0.2611973392461197 0.8441764519200254
0 0.22350332594235034 0.8625833068867026 0.23902439024390243 0.8743256109171692
0 0.2909090909090909 0.8654395430022215 0.30643015521064304 0.8771818470326881
0 0.2682926829268293 0.880038083148207 0.2838137472283814 0.8917803871786735
0 0.375609756097561 0.7727705490320533 0.39113082039911307 0.7845128530625198
0 0.4407982261640798 0.8019676293240241 0.4563192904656319 0.8137099333544906
0 0.37472283813747226 0.8343383052999048 0.3902439024390244 0.8460806093303713
0 0.3968957871396896 0.9133608378292606 0.4124168514412417 0.9251031418597271
0 0.4190687361419069 0.9444620755315772 0.43458980044345896 0.9562043795620438
0 0.5680709534368071 0.7857822913360838 0.5835920177383592 0.7975245953665503
0 0.5898004434589801 0.8184703268803555 0.6053215077605322 0.830212630910822
0 0.5241685144124169 0.8949539828625833 0.5396895787139689 0.9066962868930498
0 0.5463414634146342 0.8946366232941924 0.5618625277161863 0.9063789273246589
0 0.7148558758314856 0.8029197080291971 0.7303769401330377 0.8146620120596636
0 0.6931263858093126 0.8333862265947318 0.7086474501108647 0.8451285306251983
0 0.7361419068736141 0.8629006664550937 0.7516629711751663 0.8746429704855602
0 0.6718403547671841 0.9089178038717868 0.6873614190687362 0.9206601079022533
0 0.8172949002217295 0.7692795937797524 0.8328159645232815 0.781021897810219
0 0.882039911308204 0.8000634719136782 0.8975609756097561 0.8118057759441447
0 0.8390243902439024 0.8308473500476039 0.8545454545454545 0.8425896540780704
0 0.8603104212860311 0.8305299904792129 0.8758314855875832 0.8422722945096794
0 0.8172949002217295 0.8759124087591241 0.8328159645232815 0.8876547127895906
