0 0.713648056402439 0.15057594834415167 0.012416851441241685 0.010790225325293558
0 0.7306941064128326 0.15069214951912588 0.012416851441241685 0.010790225325293558
0 0.7476825045904933 0.15080796329228321 0.012416851441241685 0.010790225325293558
0 0.7646774528824833 0.15092381580562222 0.012416851441241685 0.010790225325293558
0 0.7817430449695122 0.15104015257123235 0.012416851441241685 0.010790225325293558
0 0.7987509310906319 0.1511561019350256 0.012416851441241685 0.010790225325293558
0 0.7134165829406873 0.16758524157137614 0.012416851441241685 0.010790225325293558
0 0.7304626329510809 0.1677046969216122 0.012416851441241685 0.010790225325293558
0 0.747451085261918 0.1678237454999405 0.012416851441241685 0.010790225325293558
0 0.7644460335539079 0.16794285218854133 0.012416851441241685 0.010790225325293558
0 0.7815115715077605 0.1680624431294133 0.012416851441241685 0.010790225325293558
0 0.7985195117620565 0.16818164666846835 0.012416851441241685 0.010790225325293558
0 0.7131851636121119 0.18459462196400944 0.012416851441241685 0.010790225325293558
0 0.7302312136225055 0.1847173314895073 0.012416851441241685 0.010790225325293558
0 0.7472196659333425 0.18483963424309743 0.012416851441241685 0.010790225325293558
0 0.7642145600921563 0.18496197573686926 0.012416851441241685 0.010790225325293558
0 0.7812801521791851 0.18508484022309385 0.012416851441241685 0.010790225325293558
0 0.7982880924334812 0.1852072785673199 0.012416851441241685 0.010790225325293558
0 0.7129537442835366 0.20160409920709696 0.012416851441241685 0.010790225325293558
0 0.7299997401607539 0.20173006290785664 0.012416851441241685 0.010790225325293558
0 0.7469881924715909 0.20185560046661774 0.012416851441241685 0.010790225325293558
0 0.763983140763581 0.20198119613565138 0.012416851441241685 0.010790225325293558
0 0.7810487328506097 0.2021073147971378 0.012416851441241685 0.010790225325293558
0 0.7980566189717295 0.20223298794653483 0.012416851441241685 0.010790225325293558
0 0.712722270821785 0.21861365393054785 0.012416851441241685 0.010790225325293558
0 0.7297683208321785 0.21874287180656934 0.012416851441241685 0.010790225325293558
0 0.7467567731430155 0.21887166354059226 0.012416851441241685 0.010790225325293558
0 0.7637516673018293 0.2190004940147969 0.012416851441241685 0.010790225325293558
0 0.780817259388858 0.21912986685154515 0.012416851441241685 0.010790225325293558
0 0.7978251996431541 0.21925879417620397 0.012416851441241685 0.010790225325293558
0 0.7124899853623892 0.2356853672755177 0.012416851441241685 0.010790225325293558
0 0.7295360353727827 0.23581785869689187 0.012416851441241685 0.010790225325293558
0 0.7465244876836198 0.2359499046061766 0.012416851441241685 0.010790225325293558
0 0.7635193818424335 0.2360820086257339 0.012416851441241685 0.010790225325293558
0 0.7805849739294624 0.23621463563774397 0.012416851441241685 0.010790225325293558
0 0.7975929141837583 0.23634683650775548 0.012416851441241685 0.010790225325293558
0 0.7122585660338138 0.252695115699877 0.012416851441241685 0.010790225325293558
0 0.729304561911031 0.252830861296513 0.012416851441241685 0.010790225325293558
0 0.7462930142218681 0.25296614201096873 0.012416851441241685 0.010790225325293558
0 0.7632879625138581 0.253101480835697 0.012416851441241685 0.010790225325293558
0 0.780353554600887 0.25323738139305974 0.012416851441241685 0.010790225325293558
0 0.7973614407220067 0.2533728170682422 0.012416851441241685 0.010790225325293558
0 0.7120270925720621 0.26970494160459973 0.012416851441241685 0.010790225325293558
0 0.7290731425824557 0.26984394137649753 0.012416851441241685 0.010790225325293558
0 0.7460615948932927 0.26998245689612427 0.012416851441241685 0.010790225325293558
0 0.7630564890521064 0.27012104989611435 0.012416851441241685 0.010790225325293558
0 0.7801220811391353 0.2702602046287389 0.012416851441241685 0.010790225325293558
0 0.7971300213934313 0.2703988944791832 0.012416851441241685 0.010790225325293558
0 0.7117956732434867 0.2867148449896858 0.012416851441241685 0.010790225325293558
0 0.728841669120704 0.28685709893684547 0.012416851441241685 0.010790225325293558
0 0.745830121431541 0.28699886863173396 0.012416851441241685 0.010790225325293558
0 0.762825069723531 0.28714069643689505 0.012416851441241685 0.010790225325293558
0 0.7798906618105599 0.2872831247148723 0.012416851441241685 0.010790225325293558
0 0.7968985479316796 0.2874250687405784 0.012416851441241685 0.010790225325293558
0 0.711564199781735 0.30372484522522614 0.012416851441241685 0.010790225325293558
0 0.7286102497921286 0.30387035334764756 0.012416851441241685 0.010790225325293558
0 0.7455987021029656 0.3040153772177979 0.012416851441241685 0.010790225325293558
0 0.7625935962617794 0.3041604591982208 0.012416851441241685 0.010790225325293558
0 0.7796591883488082 0.304306122281369 0.012416851441241685 0.010790225325293558
0 0.7966671286031042 0.304451320482337 0.012416851441241685 0.010790225325293558
0 0.8575242408363359 0.15149405190998394 0.012416851441241685 0.010790225325293558
0 0.874490444411724 0.15156768731032808 0.012416851441241685 0.010790225325293558
0 0.8915284285788525 0.15164164231717114 0.012416851441241685 0.010790225325293558
0 0.8572928215077605 0.1685459980772473 0.012416851441241685 0.010790225325293558
0 0.8742590250831486 0.16863424821113338 0.012416851441241685 0.010790225325293558
0 0.8912970092502772 0.16872286637674547 0.012416851441241685 0.010790225325293558
0 0.8570614021791851 0.18559836070146382 0.012416851441241685 0.010790225325293558
0 0.8740276057545732 0.18570119651375555 0.012416851441241685 0.010790225325293558
0 0.8910655899217018 0.1858044778381367 0.012416851441241685 0.010790225325293558
0 0.8568299828506097 0.20265111072749722 0.012416851441241685 0.010790225325293558
0 0.8737961322928215 0.20276855158828547 0.012416851441241685 0.010790225325293558
0 0.8908341705931264 0.2028864767013448 0.012416851441241685 0.010790225325293558
0 0.8565985093888581 0.21970426752543834 0.012416851441241685 0.010790225325293558
0 0.8735647129642461 0.21983629406463226 0.012416851441241685 0.010790225325293558
0 0.8906026971313747 0.21996890170655148 0.012416851441241685 0.010790225325293558
0 0.8563662239294623 0.23682004782707872 0.012416851441241685 0.010790225325293558
0 0.8733324275048503 0.23696673752504166 0.012416851441241685 0.010790225325293558
0 0.890370411671979 0.2371140470659116 0.012416851441241685 0.010790225325293558
0 0.8561348046008869 0.2538739794286536 0.012416851441241685 0.010790225325293558
0 0.8731009540430986 0.25403527417511307 0.012416851441241685 0.010790225325293558
0 0.8901389923434035 0.2541972662448429 0.012416851441241685 0.010790225325293558
0 0.8559033311391353 0.2709283371722271 0.012416851441241685 0.010790225325293558
0 0.8728695347145233 0.2711042175970922 0.012416851441241685 0.010790225325293558
0 0.8899075188816519 0.2712808728255911 0.012416851441241685 0.010790225325293558
0 0.8556718576773836 0.28798306294752657 0.012416851441241685 0.010790225325293558
0 0.8726380612527717 0.2881735677909791 0.012416851441241685 0.010790225325293558
0 0.8896760454199002 0.28836486680815615 0.012416851441241685 0.010790225325293558
0 0.855440384215632 0.3050381954947338 0.012416851441241685 0.010790225325293558
0 0.87240658779102 0.3052433053866828 0.012416851441241685 0.010790225325293558
0 0.8894445719581485 0.3054492869327198 0.012416851441241685 0.010790225325293558
0 0.1199242974596383 0.3771480655942558 0.015964523281596452 0.010472865756902571
0 0.16441452804531598 0.3773884096814503 0.015964523281596452 0.010472865756902571
0 0.20899314457455653 0.37762925739100683 0.015964523281596452 0.010472865756902571
0 0.2535665101856984 0.3778700663603816 0.015964523281596452 0.010472865756902571
0 0.1197923613757622 0.3916917496429705 0.015964523281596452 0.010472865756902571
0 0.1643098480156943 0.39194669877866156 0.015964523281596452 0.010472865756902571
0 0.20891585593213 0.39220215153671456 0.015964523281596452 0.010472865756902571
0 0.2535166264637611 0.39245760429476756 0.015964523281596452 0.010472865756902571
0 0.11965969449400637 0.40631640067141384 0.015964523281596452 0.010472865756902571
0 0.16420459958772174 0.40658607107614647 0.015964523281596452 0.010472865756902571
0 0.20883812069099916 0.40685624510324103 0.015964523281596452 0.010472865756902571
0 0.2534664991425305 0.4071264191303356 0.015964523281596452 0.010472865756902571
0 0.11952743361107261 0.42089603560873534 0.015964523281596452 0.010472865756902571
0 0.1640996759588068 0.42118034980214614 0.015964523281596452 0.010472865756902571
0 0.20876064258245566 0.4214652063581006 0.015964523281596452 0.010472865756902571
0 0.2534165071542406 0.42175006291405504 0.015964523281596452 0.010472865756902571
0 0.11939442839696508 0.4355568312266939 0.015964523281596452 0.010472865756902571
0 0.1639941568649529 0.435855905429328 0.015964523281596452 0.010472865756902571
0 0.20868271787520787 0.4361555994748691 0.015964523281596452 0.010472865756902571
0 0.25336621743348114 0.43645521604004683 0.015964523281596452 0.010472865756902571
0 0.11926127431662278 0.45023579598986435 0.015964523281596452 0.010472865756902571
0 0.16388851597145232 0.4505497076820851 0.015964523281596452 0.010472865756902571
0 0.2086047119681957 0.4508642004770311 0.015964523281596452 0.010472865756902571
0 0.2533159006461336 0.45117865453179545 0.015964523281596452 0.010472865756902571
0 0.11912852623510255 0.46486958970118614 0.015964523281596452 0.010472865756902571
0 0.16378319987700943 0.4651982614026301 0.015964523281596452 0.010472865756902571
0 0.20852693612718265 0.4655275529469811 0.015964523281596452 0.010472865756902571
0 0.25326571919172675 0.4658568057511504 0.015964523281596452 0.010472865756902571
0 0.11899503382240853 0.4795848927547802 0.015964523281596452 0.010472865756902571
0 0.16367728831762748 0.47992844068599255 0.015964523281596452 0.010472865756902571
0 0.2084487272207594 0.48027264720029356 0.015964523281596452 0.010472865756902571
0 0.2532152670714385 0.4806168149744129 0.015964523281596452 0.010472865756902571
0 0.11886194740853659 0.4942549472761623 0.015964523281596452 0.010472865756902571
0 0.16357171509059729 0.4946133326969613 0.015964523281596452 0.010472865756902571
0 0.20837076191362944 0.4949724154410306 0.015964523281596452 0.010472865756902571
0 0.2531649502840909 0.4953314594449183 0.015964523281596452 0.010472865756902571
0 0.11872811666349085 0.5090067435809068 0.015964523281596452 0.010472865756902571
0 0.16346554639862804 0.5093800439716558 0.015964523281596452 0.010472865756902571
0 0.20829235000779517 0.5097541191660385 0.015964523281596452 0.010472865756902571
0 0.25311436283086197 0.5101281556202396 0.015964523281596452 0.010472865756902571
0 0.33115561880716465 0.37893828813025626 0.015964523281596452 0.010472865756902571
0 0.3757691783016907 0.3793404112161814 0.015964523281596452 0.010472865756902571
0 0.4203839016595067 0.37974253430210647 0.015964523281596452 0.010472865756902571
0 0.4649060031527162 0.3801438438442161 0.015964523281596452 0.010472865756902571
0 0.3311001864346591 0.39364901984241113 0.015964523281596452 0.010472865756902571
0 0.37569309412243623 0.39405110418815453 0.015964523281596452 0.010472865756902571
0 0.42028711154032705 0.39445322727407967 0.015964523281596452 0.010472865756902571
0 0.4647885882933758 0.3948545368161893 0.015964523281596452 0.010472865756902571
0 0.3310445645960366 0.4084096876487623 0.015964523281596452 0.010472865756902571
0 0.37561673927730044 0.4088118107346874 0.015964523281596452 0.010472865756902571
0 0.4201900236886779 0.4092139338206125 0.015964523281596452 0.010472865756902571
0 0.46467079450180154 0.4096152046225405 0.015964523281596452 0.010472865756902571
0 0.3309892404898836 0.42309310753282686 0.015964523281596452 0.010472865756902571
0 0.37554076336439857 0.4234951918785703 0.015964523281596452 0.010472865756902571
0 0.42009345010220345 0.4238973149644954 0.015964523281596452 0.010472865756902571
0 0.46455365030834256 0.42429862450660505 0.015964523281596452 0.010472865756902571
0 0.33093372691761364 0.4378263860307244 0.015964523281596452 0.010472865756902571
0 0.3754645709187916 0.43822850911664946 0.015964523281596452 0.010472865756902571
0 0.41999652465008314 0.4386306322025746 0.015964523281596452 0.010472865756902571
0 0.4644360730494734 0.43903194174468424 0.015964523281596452 0.010472865756902571
0 0.33087826747851995 0.4525460279846676 0.015964523281596452 0.010472865756902571
0 0.37538843260636084 0.452948112330411 0.015964523281596452 0.010472865756902571
0 0.41989970746431543 0.4533502741565178 0.015964523281596452 0.010472865756902571
0 0.46431860405695674 0.4537515449584457 0.015964523281596452 0.010472865756902571
0 0.3308231057718958 0.46718861571723264 0.015964523281596452 0.010472865756902571
0 0.3753126732261641 0.4675907388031577 0.015964523281596452 0.010472865756902571
0 0.41980337747713414 0.46799286188908285 0.015964523281596452 0.010472865756902571
0 0.46420173052937913 0.46839413269101077 0.015964523281596452 0.010472865756902571
0 0.33076775459915464 0.4818809845832672 0.015964523281596452 0.010472865756902571
0 0.37523667024667406 0.4822830689290106 0.015964523281596452 0.010472865756902571
0 0.4197067226908952 0.48268523075511743 0.015964523281596452 0.010472865756902571
0 0.46408447806956765 0.48308650155704536 0.015964523281596452 0.010472865756902571
0 0.3307126740922949 0.4964964541886504 0.015964523281596452 0.010472865756902571
0 0.3751610732660061 0.49689857727457554 0.015964523281596452 0.010472865756902571
0 0.41961058216983094 0.4973007003605006 0.015964523281596452 0.010472865756902571
0 0.46396782107469514 0.49770200990261027 0.015964523281596452 0.010472865756902571
0 0.3306574311859063 0.5111616661873215 0.015964523281596452 0.010472865756902571
0 0.37508520561945674 0.5115637505330649 0.015964523281596452 0.010472865756902571
0 0.41951411684970896 0.51196587361899 0.015964523281596452 0.010472865756902571
0 0.463850839280765 0.5123671831610996 0.015964523281596452 0.010472865756902571
0 0.5427272077674612 0.3808413995556966 0.015964523281596452 0.010472865756902571
0 0.5876540630196785 0.38112296319620753 0.015964523281596452 0.010472865756902571
0 0.6326125861800166 0.3814047205376269 0.015964523281596452 0.010472865756902571
0 0.677508152456347 0.38168609047722946 0.015964523281596452 0.010472865756902571
0 0.542558420523836 0.3955892831020906 0.015964523281596452 0.010472865756902571
0 0.587450792942766 0.39587580548585766 0.015964523281596452 0.010472865756902571
0 0.6323747791366408 0.39616252157053317 0.015964523281596452 0.010472865756902571
0 0.6772358084465078 0.39644885025339177 0.015964523281596452 0.010472865756902571
0 0.5423891460816241 0.4103782699812559 0.015964523281596452 0.010472865756902571
0 0.5872469815340909 0.41066975110827914 0.015964523281596452 0.010472865756902571
0 0.6321362683619733 0.41096146467639244 0.015964523281596452 0.010472865756902571
0 0.676962760705377 0.4112527521025071 0.015964523281596452 0.010472865756902571
0 0.5422209001697617 0.42508090499543794 0.015964523281596452 0.010472865756902571
0 0.5870443069221175 0.4253773448657172 0.015964523281596452 0.010472865756902571
0 0.6318992191830655 0.42567401717708664 0.015964523281596452 0.010472865756902571
0 0.676691282826358 0.42597022460627576 0.015964523281596452 0.010472865756902571
0 0.5420521670593126 0.4398246046022096 0.015964523281596452 0.010472865756902571
0 0.5868410909783813 0.440126003215745 0.015964523281596452 0.010472865756902571
0 0.6316614662728659 0.44042759553018884 0.015964523281596452 0.010472865756902571
0 0.6764190470828714 0.4407287617026341 0.015964523281596452 0.010472865756902571
0 0.541883704614745 0.45454567994287526 0.015964523281596452 0.010472865756902571
0 0.5866381998337029 0.4548519985594851 0.015964523281596452 0.010472865756902571
0 0.6314240922949003 0.4551585108770033 0.015964523281596452 0.010472865756902571
0 0.6761471902716186 0.455464597052523 0.015964523281596452 0.010472865756902571
0 0.5417162165673504 0.46918086830073785 0.015964523281596452 0.010472865756902571
0 0.5864364996189024 0.4694920681802404 0.015964523281596452 0.010472865756902571
0 0.6311881257795178 0.4698035005008331 0.015964523281596452 0.010472865756902571
0 0.6758769574556541 0.4701144679392455 0.015964523281596452 0.010472865756902571
0 0.5415482413213691 0.4838569662904633 0.015964523281596452 0.010472865756902571
0 0.5862342039391629 0.4841730861730403 0.015964523281596452 0.010472865756902571
0 0.6309514555328437 0.4844893997565257 0.015964523281596452 0.010472865756902571
0 0.6756059667752218 0.48480524845783085 0.015964523281596452 0.010472865756902571
0 0.5413812946057373 0.49844748721883925 0.015964523281596452 0.010472865756902571
0 0.5860330991893016 0.49876844962412725 0.015964523281596452 0.010472865756902571
0 0.6307161927487528 0.4990896057303237 0.015964523281596452 0.010472865756902571
0 0.6753365459569013 0.4994103356945216 0.015964523281596452 0.010472865756902571
0 0.5412138065583426 0.513078801558533 0.015964523281596452 0.010472865756902571
0 0.5858314531076774 0.5134046064865321 0.015964523281596452 0.010472865756902571
0 0.6304802803665466 0.5137306438556213 0.015964523281596452 0.010472865756902571
0 0.6750663672741131 0.5140562550827118 0.015964523281596452 0.010472865756902571
0 0.7555035034991685 0.3817601229644359 0.015964523281596452 0.010472865756902571
0 0.8004717706312361 0.3820939471100444 0.015964523281596452 0.010472865756902571
0 0.8455890663975887 0.38242881724055855 0.015964523281596452 0.010472865756902571
0 0.8907609825388026 0.38276415225325294 0.015964523281596452 0.010472865756902571
0 0.7552263957698171 0.3964392426883331 0.015964523281596452 0.010472865756902571
0 0.800208304462306 0.39679747314840524 0.015964523281596452 0.010472865756902571
0 0.8453393500554324 0.39715682707374644 0.015964523281596452 0.010472865756902571
0 0.8905250160234202 0.39751664588126784 0.015964523281596452 0.010472865756902571
0 0.7549479347110588 0.4111911939538043 0.015964523281596452 0.010472865756902571
0 0.7999435390971452 0.4115739082087036 0.015964523281596452 0.010472865756902571
0 0.8450883886502217 0.41195790088959855 0.015964523281596452 0.010472865756902571
0 0.8902879127113359 0.41234235845267375 0.015964523281596452 0.010472865756902571
0 0.7546705021826496 0.4258887152640035 0.015964523281596452 0.010472865756902571
0 0.7996797481291574 0.4262959133137298 0.015964523281596452 0.010472865756902571
0 0.8448383475090078 0.42670446726981515 0.015964523281596452 0.010472865756902571
0 0.890051675530072 0.42711348610808075 0.015964523281596452 0.010472865756902571
0 0.7543916621916574 0.4406591843363218 0.015964523281596452 0.010472865756902571
0 0.799414657964939 0.4410909436612385 0.015964523281596452 0.010472865756902571
0 0.8445870613047395 0.44152417511305936 0.015964523281596452 0.010472865756902571
0 0.8898142474189301 0.44195794892742385 0.015964523281596452 0.010472865756902571
0 0.7541126598011364 0.4554389123120636 0.015964523281596452 0.010472865756902571
0 0.7991493512680156 0.4558953103925341 0.015964523281596452 0.010472865756902571
0 0.8443356127009424 0.45635325808027216 0.015964523281596452 0.010472865756902571
0 0.8895767110414357 0.4568117481305538 0.015964523281596452 0.010472865756902571
0 0.7538346859409645 0.47016417159235163 0.015964523281596452 0.010472865756902571
0 0.7988850731014412 0.4706451309480125 0.015964523281596452 0.010472865756902571
0 0.8440850843611419 0.4711277173913043 0.015964523281596452 0.010472865756902571
0 0.8893399866615853 0.4716108849373215 0.015964523281596452 0.010472865756902571
0 0.7535553587513858 0.48496249485530385 0.015964523281596452 0.010472865756902571
0 0.7986194957386363 0.48546817044688195 0.015964523281596452 0.010472865756902571
0 0.8438333109582872 0.48597551186627264 0.015964523281596452 0.010472865756902571
0 0.8891021254850333 0.4864834731285703 0.015964523281596452 0.010472865756902571
0 0.7532770600921563 0.4997062719424389 0.015964523281596452 0.010472865756902571
0 0.7983548386398281 0.5002365475493891 0.015964523281596452 0.010472865756902571
0 0.8435824578194291 0.5007686052046969 0.015964523281596452 0.010472865756902571
0 0.8888651304393016 0.5013012827029117 0.015964523281596452 0.010472865756902571
0 0.7529973539703437 0.5145231904926015 0.015964523281596452 0.010472865756902571
0 0.7980889364779656 0.5150782210756506 0.015964523281596452 0.010472865756902571
0 0.843330413750693 0.5156351111874207 0.015964523281596452 0.010472865756902571
0 0.8886269985968681 0.5161926598822795 0.015964523281596452 0.010472865756902571
0 0.11861132433567766 0.5963192101093899 0.015964523281596452 0.010472865756902571
0 0.16346953872037834 0.596721333195315 0.015964523281596452 0.010472865756902571
0 0.20832775310507898 0.5971234562812401 0.015964523281596452 0.010472865756902571
0 0.2531859810230737 0.5975255793671652 0.015964523281596452 0.010472865756902571
0 0.11850883669969513 0.6108049001061171 0.015964523281596452 0.010472865756902571
0 0.16336705108439578 0.6112070231920422 0.015964523281596452 0.010472865756902571
0 0.20822526546909645 0.6116091462779674 0.015964523281596452 0.010472865756902571
0 0.25308347985379714 0.6120112693638924 0.015964523281596452 0.010472865756902571
0 0.11840634906371258 0.6252905901028444 0.015964523281596452 0.010472865756902571
0 0.16326456344841325 0.6256927131887694 0.015964523281596452 0.010472865756902571
0 0.20812277783311392 0.6260948362746945 0.015964523281596452 0.010472865756902571
0 0.25298100575110866 0.6264969593606197 0.015964523281596452 0.010472865756902571
0 0.11830386142773004 0.6397763188397533 0.015964523281596452 0.010472865756902571
0 0.1631620758124307 0.6401784419256784 0.015964523281596452 0.010472865756902571
0 0.20802029019713136 0.6405805650116034 0.015964523281596452 0.010472865756902571
0 0.25287850458183203 0.6409826880975286 0.015964523281596452 0.010472865756902571
0 0.3305523857573448 0.5982552119490836 0.015964523281596452 0.010472865756902571
0 0.37493328086024114 0.598625723046751 0.015964523281596452 0.010472865756902571
0 0.41926721543271894 0.5989958467426015 0.015964523281596452 0.010472865756902571
0 0.4635542977411308 0.5993655830366352 0.015964523281596452 0.010472865756902571
0 0.330437839956347 0.6127302871360283 0.015964523281596452 0.010472865756902571
0 0.37480788135740023 0.6130930501973579 0.015964523281596452 0.010472865756902571
0 0.4191310163612112 0.6134554258568709 0.015964523281596452 0.010472865756902571
0 0.4634073261675443 0.6138174141145668 0.015964523281596452 0.010472865756902571
0 0.3303233482885255 0.6271981953893605 0.015964523281596452 0.010472865756902571
0 0.37468256305432374 0.6275532491545343 0.015964523281596452 0.010472865756902571
0 0.41899489848946786 0.6279078767777094 0.015964523281596452 0.010472865756902571
0 0.46326040872713414 0.6282621557392495 0.015964523281596452 0.010472865756902571
0 0.33020891075388026 0.6416590529296256 0.015964523281596452 0.010472865756902571
0 0.3745572988844235 0.6420063199182799 0.015964523281596452 0.010472865756902571
0 0.4188588347509008 0.6423532382452991 0.015964523281596452 0.010472865756902571
0 0.46311354541990024 0.6426998079106832 0.015964523281596452 0.010472865756902571
0 0.5405132149909923 0.5999703560129721 0.015964523281596452 0.010472865756902571
0 0.5850182104004988 0.6003684501200016 0.015964523281596452 0.010472865756902571
0 0.6296184260670732 0.6007674352512099 0.015964523281596452 0.010472865756902571
0 0.6743141867897727 0.6011672339262337 0.015964523281596452 0.010472865756902571
0 0.5403594767703714 0.61443655969831 0.015964523281596452 0.010472865756902571
0 0.584864472179878 0.6148501498780149 0.015964523281596452 0.010472865756902571
0 0.6294646878464524 0.6152645923417169 0.015964523281596452 0.010472865756902571
0 0.6741605027023282 0.6156799258295977 0.015964523281596452 0.010472865756902571
0 0.5402057385497505 0.6289028796041931 0.015964523281596452 0.010472865756902571
0 0.5847107339592572 0.6293319271163916 0.015964523281596452 0.010472865756902571
0 0.6293109496258315 0.6297618656527689 0.015964523281596452 0.010472865756902571
0 0.6740067644817073 0.6301927339535068 0.015964523281596452 0.010472865756902571
0 0.5400520003291297 0.6433692769904396 0.015964523281596452 0.010472865756902571
0 0.5845569957386364 0.6438137818351317 0.015964523281596452 0.010472865756902571
0 0.6291572114052106 0.6442592551843661 0.015964523281596452 0.010472865756902571
0 0.6738530262610865 0.644705658297961 0.015964523281596452 0.010472865756902571
0 0.7522744054011918 0.6022201533243415 0.015964523281596452 0.010472865756902571
0 0.7973890486419069 0.6028860195672009 0.015964523281596452 0.010472865756902571
0 0.842600752667683 0.6035533579369644 0.015964523281596452 0.010472865756902571
0 0.8879097881444014 0.6042220909532688 0.015964523281596452 0.010472865756902571
0 0.7521087578817904 0.6167577164243494 0.015964523281596452 0.010472865756902571
0 0.7972126286204269 0.6174390399997025 0.015964523281596452 0.010472865756902571
0 0.8424135060109479 0.6181218744421414 0.015964523281596452 0.010472865756902571
0 0.887711660719235 0.6188061422713027 0.015964523281596452 0.010472865756902571
0 0.7519432186287417 0.6312884612523803 0.015964523281596452 0.010472865756902571
0 0.797036262732123 0.6319852421602269 0.015964523281596452 0.010472865756902571
0 0.8422263134873892 0.6326835339351595 0.015964523281596452 0.010472865756902571
0 0.8875136415604213 0.6333833365771778 0.015964523281596452 0.010472865756902571
0 0.7517777335088692 0.6458123878084339 0.015964523281596452 0.010472865756902571
0 0.7968600051101719 0.6465245873085925 0.015964523281596452 0.010472865756902571
0 0.8420392292301829 0.6472383751562004 0.015964523281596452 0.010472865756902571
0 0.8873156765347838 0.6479536351307125 0.015964523281596452 0.010472865756902571
0 0.1173854514923434 0.7286881737692399 0.015521064301552107 0.011742304030466518
0 0.13638401750450388 0.7426626870685893 0.015521064301552107 0.011742304030466518
0 0.1590443274927245 0.7428659955420898 0.015521064301552107 0.011742304030466518
0 0.11608836645561946 0.756351142866352 0.015521064301552107 0.011742304030466518
0 0.1370427641265937 0.7565391877082672 0.015521064301552107 0.011742304030466518
0 0.15793471917873475 0.7567267676680022 0.015521064301552107 0.011742304030466518
0 0.17882695843005128 0.7569143476277372 0.015521064301552107 0.011742304030466518
0 0.11593269297394679 0.7710916270380435 0.015521064301552107 0.011742304030466518
0 0.13687561441155072 0.7712797493603222 0.015521064301552107 0.011742304030466518
0 0.15775612029690964 0.7714673293200571 0.015521064301552107 0.011742304030466518
0 0.1786369239147381 0.7716548317994287 0.015521064301552107 0.011742304030466518
0 0.11577718189180294 0.7858159952941527 0.015521064301552107 0.011742304030466518
0 0.13670864062933066 0.7860041176164313 0.015521064301552107 0.011742304030466518
0 0.15757772441449558 0.7861916975761662 0.015521064301552107 0.011742304030466518
0 0.17844710593212998 0.7863792775359013 0.015521064301552107 0.011742304030466518
0 0.11562183320918791 0.8005243251150428 0.015521064301552107 0.011742304030466518
0 0.13654185631322754 0.8007124474373215 0.015521064301552107 0.011742304030466518
0 0.15739951799819846 0.8008999499166931 0.015521064301552107 0.011742304030466518
0 0.17825747741563885 0.8010875298764282 0.015521064301552107 0.011742304030466518
0 0.11546751305692211 0.8151362693638924 0.015521064301552107 0.011742304030466518
0 0.13637615466064995 0.8153243916861711 0.015521064301552107 0.011742304030466518
0 0.15722248897848531 0.815511971645906 0.015521064301552107 0.011742304030466518
0 0.17806910749549612 0.8156994741252777 0.015521064301552107 0.011742304030466518
0 0.11531251623995288 0.8298125223143447 0.015521064301552107 0.011742304030466518
0 0.1362097357434867 0.8300006446366233 0.015521064301552107 0.011742304030466518
0 0.15704467502771619 0.8301881471159949 0.015521064301552107 0.011742304030466518
0 0.17787989851112113 0.8303757270757299 0.015521064301552107 0.011742304030466518
0 0.11515768182251247 0.8444727368295779 0.015521064301552107 0.011742304030466518
0 0.13604349275914634 0.8446608591518565 0.015521064301552107 0.011742304030466518
0 0.15686705054306402 0.8448483616312282 0.015521064301552107 0.011742304030466518
0 0.17769090605945123 0.8450359415909632 0.015521064301552107 0.011742304030466518
0 0.11500302333789496 0.8591169129095922 0.015521064301552107 0.011742304030466518
0 0.13587742570762887 0.8593050352318709 0.015521064301552107 0.011742304030466518
0 0.15668962905782288 0.8594926151916058 0.015521064301552107 0.011742304030466518
0 0.17750210307389827 0.8596801951513409 0.015521064301552107 0.011742304030466518
0 0.11484936631703853 0.8736653232604729 0.015521064301552107 0.011742304030466518
0 0.13571245485293099 0.8738533681023881 0.015521064301552107 0.011742304030466518
0 0.15651335790257762 0.8740409480621232 0.015521064301552107 0.011742304030466518
0 0.17731455868469373 0.8742285280218581 0.015521064301552107 0.011742304030466518
0 0.11469504616477273 0.8882776549111393 0.015521064301552107 0.011742304030466518
0 0.1355467532003534 0.8884657772334179 0.015521064301552107 0.011742304030466518
0 0.1563363153495704 0.888653357193153 0.015521064301552107 0.011742304030466518
0 0.17712617523125693 0.8888408596725246 0.015521064301552107 0.011742304030466518
0 0.2586095568874723 0.7292588166455094 0.015521064301552107 0.011742304030466518
0 0.2774627888546286 0.7431365569710012 0.015521064301552107 0.011742304030466518
0 0.30000351865645786 0.7433050767613456 0.015521064301552107 0.011742304030466518
0 0.25724196338865024 0.756807347245914 0.015521064301552107 0.011742304030466518
0 0.2780927366269401 0.756965717108656 0.015521064301552107 0.011742304030466518
0 0.29888870002425166 0.757123699569581 0.015521064301552107 0.011742304030466518
0 0.31969226913282983 0.7572816820305062 0.015521064301552107 0.011742304030466518
0 0.25704481036065685 0.7715169942329816 0.015521064301552107 0.011742304030466518
0 0.27789939998787416 0.7716780759084417 0.015521064301552107 0.011742304030466518
0 0.2986991797741131 0.771838770182085 0.015521064301552107 0.011742304030466518
0 0.31950656527161864 0.7719994644557283 0.015521064301552107 0.011742304030466518
0 0.25684760319948724 0.7862320648454856 0.015521064301552107 0.011742304030466518
0 0.27770600921563193 0.7863958583336639 0.015521064301552107 0.011742304030466518
0 0.29850960539079824 0.7865592644200254 0.015521064301552107 0.011742304030466518
0 0.31932078021064303 0.7867227479867502 0.015521064301552107 0.011742304030466518
0 0.25665034190514135 0.8009525590834259 0.015521064301552107 0.011742304030466518
0 0.2775125643102134 0.8011190643843225 0.015521064301552107 0.011742304030466518
0 0.298319949807719 0.8012852597637655 0.015521064301552107 0.011742304030466518
0 0.31913494101649115 0.8014513776628451 0.015521064301552107 0.011742304030466518
0 0.2564540550079684 0.8155979748492542 0.015521064301552107 0.011742304030466518
0 0.27732009380196787 0.8157672694432323 0.015521064301552107 0.011742304030466518
0 0.29813126862181266 0.8159360991550302 0.015521064301552107 0.011742304030466518
0 0.3189500491529241 0.8161050063471914 0.015521064301552107 0.011742304030466518
0 0.2562566313140937 0.8303293163380673 0.015521064301552107 0.011742304030466518
0 0.2771264864970205 0.8305013227447635 0.015521064301552107 0.011742304030466518
0 0.29794147770579266 0.830672941749643 0.015521064301552107 0.011742304030466518
0 0.3187640746258315 0.8308445607545224 0.015521064301552107 0.011742304030466518
0 0.25605915348704267 0.8450661589326801 0.015521064301552107 0.011742304030466518
0 0.27693279799230874 0.8452408771520946 0.015521064301552107 0.011742304030466518
0 0.2977516055900083 0.8454152079696922 0.015521064301552107 0.011742304030466518
0 0.3185780188989745 0.8455895387872897 0.015521064301552107 0.011742304030466518
0 0.25586156739363913 0.8598083476723659 0.015521064301552107 0.011742304030466518
0 0.2767390553544207 0.8599858551848619 0.015521064301552107 0.011742304030466518
0 0.29756167934104766 0.8601628978151777 0.015521064301552107 0.011742304030466518
0 0.31839190903894127 0.8603399404454934 0.015521064301552107 0.011742304030466518
0 0.2556650098305848 0.8744754579399397 0.015521064301552107 0.011742304030466518
0 0.27654628711370566 0.8746556772651539 0.015521064301552107 0.011742304030466518
0 0.29737270042267183 0.8748354317081879 0.015521064301552107 0.011742304030466518
0 0.31820674650949277 0.8750152636315852 0.015521064301552107 0.011742304030466518
0 0.2554672884042406 0.8892285714108616 0.015521064301552107 0.011742304030466518
0 0.27635240914287695 0.8894115025487941 0.015521064301552107 0.011742304030466518
0 0.2971826388407705 0.8895939688045462 0.015521064301552107 0.011742304030466518
0 0.3180204742499307 0.889776590021025 0.015521064301552107 0.011742304030466518
0 0.39894773225297947 0.7305587821822437 0.015521064301552107 0.011742304030466518
0 0.4176774593784645 0.744515165076563 0.015521064301552107 0.011742304030466518
0 0.44005381379053493 0.7447345894656459 0.015521064301552107 0.011742304030466518
0 0.3976185191761364 0.7581717764449778 0.015521064301552107 0.011742304030466518
0 0.41831360539945955 0.7583772543686528 0.015521064301552107 0.011742304030466518
0 0.4389543689803908 0.7585821124494209 0.015521064301552107 0.011742304030466518
0 0.4596027382725887 0.7587871254909155 0.015521064301552107 0.011742304030466518
0 0.3974381744993764 0.7729092388824976 0.015521064301552107 0.011742304030466518
0 0.4181332607226996 0.7731174286188909 0.015521064301552107 0.011742304030466518
0 0.4387740243036308 0.7733250759927404 0.015521064301552107 0.011742304030466518
0 0.45942242066241684 0.7735328008469533 0.015521064301552107 0.011742304030466518
0 0.3972578298226164 0.7876467788003808 0.015521064301552107 0.011742304030466518
0 0.4179529160459396 0.7878576803494922 0.015521064301552107 0.011742304030466518
0 0.43859367962687085 0.78806803953606 0.015521064301552107 0.011742304030466518
0 0.459242103052245 0.7882784762029911 0.015521064301552107 0.011742304030466518
0 0.39707748514585645 0.802384318718264 0.015521064301552107 0.011742304030466518
0 0.4177725713691796 0.802598009560457 0.015521064301552107 0.011742304030466518
0 0.43841333495011087 0.8028110805597429 0.015521064301552107 0.011742304030466518
0 0.4590617313088969 0.8030242290393923 0.015521064301552107 0.011742304030466518
0 0.39689814193285755 0.8170414340189622 0.015521064301552107 0.011742304030466518
0 0.4175932281561807 0.8172578366738734 0.015521064301552107 0.011742304030466518
0 0.43823399173711197 0.8174736194858775 0.015521064301552107 0.011742304030466518
0 0.458882388095898 0.817689479778245 0.015521064301552107 0.011742304030466518
0 0.39671779725609757 0.8317791288975722 0.015521064301552107 0.011742304030466518
0 0.41741288347942074 0.8319982433652016 0.015521064301552107 0.011742304030466518
0 0.438053647060352 0.8322167379899238 0.015521064301552107 0.011742304030466518
0 0.45870201635254987 0.8324353100950095 0.015521064301552107 0.011742304030466518
0 0.3965374525793376 0.8465168237761822 0.015521064301552107 0.011742304030466518
0 0.41723253880266076 0.8467386500565297 0.015521064301552107 0.011742304030466518
0 0.437873302383592 0.8469599339743336 0.015521064301552107 0.011742304030466518
0 0.458521698742378 0.8471812178921374 0.015521064301552107 0.011742304030466518
0 0.3963571079025776 0.8612545961351555 0.015521064301552107 0.011742304030466518
0 0.4170521941259008 0.8614791342282212 0.015521064301552107 0.011742304030466518
0 0.43769295770683203 0.8617031299587432 0.015521064301552107 0.011742304030466518
0 0.4583413811322062 0.8619272031696287 0.015521064301552107 0.011742304030466518
0 0.3961777646895787 0.8759118663965805 0.015521064301552107 0.011742304030466518
0 0.4168728509129019 0.8761391163023643 0.015521064301552107 0.011742304030466518
0 0.43751361449383314 0.8763658238456046 0.015521064301552107 0.011742304030466518
0 0.45816198378603107 0.8765926088692082 0.015521064301552107 0.011742304030466518
0 0.39599742001281873 0.8906497162359172 0.015521064301552107 0.011742304030466518
0 0.4166925062361419 0.8908797554347826 0.015521064301552107 0.011742304030466518
0 0.43733326981707316 0.8911090973103777 0.015521064301552107 0.011742304030466518
0 0.4579816661758592 0.8913385941466995 0.015521064301552107 0.011742304030466518
0 0.5389084369803215 0.7320495043736116 0.015521064301552107 0.011742304030466518
0 0.5577543068355044 0.7460854596011187 0.015521064301552107 0.011742304030466518
0 0.5802764148246952 0.7463717495437956 0.015521064301552107 0.011742304030466518
0 0.5384142552141076 0.7622985355591478 0.015521064301552107 0.011742304030466518
0 0.559174761380959 0.7625684771451523 0.015521064301552107 0.011742304030466518
0 0.57995053310352 0.7628386511722469 0.015521064301552107 0.011742304030466518
0 0.6008041483335643 0.763109754963702 0.015521064301552107 0.011742304030466518
0 0.5382408125173226 0.7764961923050222 0.015521064301552107 0.011742304030466518
0 0.559001318684174 0.7767714025557363 0.015521064301552107 0.011742304030466518
0 0.5797770904067351 0.7770468452475404 0.015521064301552107 0.011742304030466518
0 0.6006307056367793 0.7773232177037052 0.015521064301552107 0.011742304030466518
0 0.5380663954233648 0.7907746610698985 0.015521064301552107 0.011742304030466518
0 0.5588269015902162 0.7910551399853222 0.015521064301552107 0.011742304030466518
0 0.5796026733127772 0.7913358513418359 0.015521064301552107 0.011742304030466518
0 0.6004562885428215 0.7916175699430736 0.015521064301552107 0.011742304030466518
0 0.5378929527265798 0.8049726277372263 0.015521064301552107 0.011742304030466518
0 0.5586534588934312 0.8052582978369962 0.015521064301552107 0.011742304030466518
0 0.5794292306159923 0.8055442003778562 0.015521064301552107 0.011742304030466518
0 0.6002828458460366 0.8058311876438036 0.015521064301552107 0.011742304030466518
0 0.537718535632622 0.8192512514628293 0.015521064301552107 0.011742304030466518
0 0.5584789876662971 0.8195421902273088 0.015521064301552107 0.011742304030466518
0 0.5792548135220343 0.8198333614328784 0.015521064301552107 0.011742304030466518
0 0.6001084287520787 0.8201256948438987 0.015521064301552107 0.011742304030466518
0 0.5375450929358371 0.8334492956105205 0.015521064301552107 0.011742304030466518
0 0.5583055449695122 0.8337455030397096 0.015521064301552107 0.011742304030466518
0 0.5790813708252495 0.8340419429099889 0.015521064301552107 0.011742304030466518
0 0.5999349860552938 0.8343394675053555 0.015521064301552107 0.011742304030466518
0 0.5373706758418791 0.8477281517772136 0.015521064301552107 0.011742304030466518
0 0.5581311278755543 0.8480296278711124 0.015521064301552107 0.011742304030466518
0 0.5789069537312915 0.8483313364061013 0.015521064301552107 0.011742304030466518
0 0.5997605148281596 0.8486341296661774 0.015521064301552107 0.011742304030466518
0 0.5371972331450943 0.8619263508856315 0.015521064301552107 0.011742304030466518
0 0.5579576851787694 0.8622330956442399 0.015521064301552107 0.011742304030466518
0 0.5787335110345067 0.8625399953635751 0.015521064301552107 0.011742304030466518
0 0.5995870721313747 0.8628481347687242 0.015521064301552107 0.011742304030466518
0 0.5370227619179601 0.8762053620130514 0.015521064301552107 0.011742304030466518
0 0.5577832680848115 0.8765173754363694 0.015521064301552107 0.011742304030466518
0 0.5785590398073726 0.8768295438204141 0.015521064301552107 0.011742304030466518
0 0.5994126550374168 0.8771429518902729 0.015521064301552107 0.011742304030466518
0 0.5368493192211752 0.8904037935625595 0.015521064301552107 0.011742304030466518
0 0.5576098253880266 0.8907209981702238 0.015521064301552107 0.011742304030466518
0 0.5783855971105876 0.8910384352189781 0.015521064301552107 0.011742304030466518
0 0.5992392123406319 0.8913571119535465 0.015521064301552107 0.011742304030466518
0 0.6797657765728936 0.7334531386365439 0.015521064301552107 0.011742304030466518
0 0.6987982976198726 0.7475448797256823 0.015521064301552107 0.011742304030466518
0 0.7215435966948448 0.7478942386841478 0.015521064301552107 0.011742304030466518
0 0.6793267023801275 0.7637267310972707 0.015521064301552107 0.011742304030466518
0 0.700276620530765 0.7640664050103142 0.015521064301552107 0.011742304030466518
0 0.7212721729490023 0.7644068537269915 0.015521064301552107 0.011742304030466518
0 0.7423766413179047 0.7647490844920264 0.015521064301552107 0.011742304030466518
0 0.6791792436079546 0.777959563928118 0.015521064301552107 0.011742304030466518
0 0.7001401507933759 0.7783148888745637 0.015521064301552107 0.011742304030466518
0 0.7211466922463969 0.7786710661050064 0.015521064301552107 0.011742304030466518
0 0.7422622037832595 0.7790290253838067 0.015521064301552107 0.011742304030466518
0 0.679030864571785 0.7922884724095525 0.015521064301552107 0.011742304030466518
0 0.70000276079199 0.792659603350127 0.015521064301552107 0.011742304030466518
0 0.7210203454129712 0.7930315090943352 0.015521064301552107 0.011742304030466518
0 0.7421470083841464 0.7934053518476277 0.015521064301552107 0.011742304030466518
0 0.6788831351337306 0.8065515225821168 0.015521064301552107 0.011742304030466518
0 0.6998660203887195 0.8069383820364566 0.015521064301552107 0.011742304030466518
0 0.7208945940444845 0.8073260162944303 0.015521064301552107 0.011742304030466518
0 0.742032354316796 0.8077157425222151 0.015521064301552107 0.011742304030466518
0 0.6787344312985033 0.8209109583267217 0.015521064301552107 0.011742304030466518
0 0.699728305588276 0.821313546294827 0.015521064301552107 0.011742304030466518
0 0.7207679765451774 0.8217171415076563 0.015521064301552107 0.011742304030466518
0 0.7419168882518016 0.8221227512099334 0.015521064301552107 0.011742304030466518
0 0.6785863770613914 0.8352043808017297 0.015521064301552107 0.011742304030466518
0 0.6995912403859479 0.8356227747639638 0.015521064301552107 0.011742304030466518
0 0.7206419545108093 0.8360420984905585 0.015521064301552107 0.011742304030466518
0 0.7418020176517461 0.8364636691476912 0.015521064301552107 0.011742304030466518
0 0.6784373484271065 0.8495942663291416 0.015521064301552107 0.011742304030466518
0 0.6994533090527993 0.8500286212462314 0.015521064301552107 0.011742304030466518
0 0.7205150663456208 0.8504639059276817 0.015521064301552107 0.011742304030466518
0 0.7416863350540466 0.85090143753967 0.015521064301552107 0.011742304030466518
0 0.6782889693909369 0.8639181385869565 0.015521064301552107 0.011742304030466518
0 0.6993159190514135 0.8643682994981752 0.015521064301552107 0.011742304030466518
0 0.7203887736453713 0.8648194676541178 0.015521064301552107 0.011742304030466518
0 0.7415711396549335 0.8652729602209616 0.015521064301552107 0.011742304030466518
0 0.6781396159575942 0.878338783818629 0.015521064301552107 0.011742304030466518
0 0.6991776629192074 0.8788049056847033 0.015521064301552107 0.011742304030466518
0 0.7202616148143015 0.8792720347955014 0.015521064301552107 0.011742304030466518
0 0.7414552405245288 0.8797416432779276 0.015521064301552107 0.011742304030466518
0 0.6779909662555432 0.8926931833396144 0.015521064301552107 0.011742304030466518
0 0.6990400022519402 0.8931751886801809 0.015521064301552107 0.011742304030466518
0 0.7201350514481707 0.893658356226198 0.015521064301552107 0.011742304030466518
0 0.7413398285927106 0.8941439256634799 0.015521064301552107 0.011742304030466518
0 0.8221654786238913 0.735545108447715 0.015521064301552107 0.011742304030466518
0 0.841508236904102 0.7498134272849889 0.015521064301552107 0.011742304030466518
0 0.8645067709776885 0.7502988417615439 0.015521064301552107 0.011742304030466518
0 0.8219196598704268 0.7659648288737703 0.015521064301552107 0.011742304030466518
0 0.8431195108959257 0.766426921760949 0.015521064301552107 0.011742304030466518
0 0.8643567679462306 0.7668897894517613 0.015521064301552107 0.011742304030466518
0 0.8856953623025222 0.7673549040731117 0.015521064301552107 0.011742304030466518
0 0.8218637402993348 0.7802815729381546 0.015521064301552107 0.011742304030466518
0 0.8430818342052384 0.7807566825263805 0.015521064301552107 0.011742304030466518
0 0.8643373341359479 0.7812325669182403 0.015521064301552107 0.011742304030466518
0 0.885694333772173 0.7817107757210012 0.015521064301552107 0.011742304030466518
0 0.8218074417960088 0.794704465100365 0.015521064301552107 0.011742304030466518
0 0.8430438327154933 0.7951926688700016 0.015521064301552107 0.011742304030466518
0 0.8643177379261363 0.7956818024039988 0.015521064301552107 0.011742304030466518
0 0.8856933052418238 0.7961731828685338 0.015521064301552107 0.011742304030466518
0 0.8217513056922118 0.809070719116947 0.015521064301552107 0.011742304030466518
0 0.8430059936252772 0.8095720170679943 0.015521064301552107 0.011742304030466518
0 0.8642982499826773 0.8100742447834021 0.015521064301552107 0.011742304030466518
0 0.8856922767114745 0.8105788743900746 0.015521064301552107 0.011742304030466518
0 0.8216947906561807 0.8235435861135354 0.015521064301552107 0.011742304030466518
0 0.8429678838691796 0.8240581332067201 0.015521064301552107 0.011742304030466518
0 0.8642786537728658 0.8245736100642653 0.015521064301552107 0.011742304030466518
0 0.8856912481811253 0.8250914888130753 0.015521064301552107 0.011742304030466518
0 0.8216384921528548 0.8379596600037686 0.015521064301552107 0.011742304030466518
0 0.8429299365126108 0.8384873787587274 0.015521064301552107 0.011742304030466518
0 0.8642591116962306 0.8390160272780467 0.015521064301552107 0.011742304030466518
0 0.8856902196507761 0.8395472326493574 0.015521064301552107 0.011742304030466518
0 0.8215817605841186 0.8524827342758251 0.015521064301552107 0.011742304030466518
0 0.8428917184901608 0.8530237796532847 0.015521064301552107 0.011742304030466518
0 0.8642394072200665 0.8535657547951048 0.015521064301552107 0.011742304030466518
0 0.8856891911204269 0.8541103642692796 0.015521064301552107 0.011742304030466518
0 0.8215252455480876 0.8669488604807998 0.015521064301552107 0.011742304030466518
0 0.8428536087340632 0.8675031550003967 0.015521064301552107 0.011742304030466518
0 0.8642197568770787 0.8680584567647176 0.015521064301552107 0.011742304030466518
0 0.8856881625900777 0.8686163928613932 0.015521064301552107 0.011742304030466518
0 0.8214683515798226 0.8815224519497779 0.015521064301552107 0.011742304030466518
0 0.8428152283120842 0.8820901505722389 0.015521064301552107 0.011742304030466518
0 0.8641999982677384 0.882658856439424 0.015521064301552107 0.011742304030466518
0 0.8856871340597284 0.8832302741193272 0.015521064301552107 0.011742304030466518
0 0.8214116200110865 0.896038862910584 0.015521064301552107 0.011742304030466518
0 0.8427770102896341 0.8966199656359093 0.015521064301552107 0.011742304030466518
0 0.8641802937915742 0.8972020756059584 0.015521064301552107 0.011742304030466518
0 0.8856861055293792 0.8977869748690892 0.015521064301552107 0.011742304030466518
