1.0 0.115743 0.886385 0.017738 0.012694
0.0 0.11663 0.843224 0.017738 0.012694
1.0 0.11663 0.85703 0.017738 0.012377
1.0 0.11663 0.871469 0.017738 0.012694
1.0 0.117295 0.814027 0.017295 0.012694
1.0 0.117295 0.828308 0.017295 0.012694
1.0 0.117517 0.755633 0.017738 0.012694
1.0 0.117517 0.77039 0.017738 0.012377
1.0 0.117517 0.785148 0.017738 0.012694
1.0 0.117517 0.799429 0.017738 0.012694
1.0 0.117738 0.727071 0.018182 0.013329
0.0 0.119069 0.610441 0.018182 0.012377
0.0 0.119069 0.624246 0.018182 0.012694
0.0 0.119069 0.639321 0.018182 0.012377
0.0 0.11929 0.595367 0.017738 0.012694
1.0 0.120399 0.422088 0.018182 0.012694
1.0 0.120399 0.437163 0.018182 0.013646
1.0 0.120399 0.451285 0.018182 0.012694
0.0 0.120621 0.480324 0.018625 0.012377
1.0 0.120621 0.494446 0.018625 0.012694
1.0 0.120621 0.509203 0.018625 0.012377
1.0 0.121286 0.378293 0.017295 0.012694
1.0 0.121286 0.39305 0.017295 0.012377
1.0 0.121508 0.407648 0.018625 0.013012
1.0 0.121508 0.466043 0.018625 0.012377
1.0 0.136807 0.886861 0.017295 0.011742
1.0 0.137251 0.857823 0.017295 0.012694
1.0 0.137251 0.872104 0.017295 0.012694
1.0 0.137472 0.843066 0.017738 0.012377
1.0 0.137694 0.813869 0.017295 0.011742
1.0 0.137694 0.828943 0.017295 0.012694
1.0 0.138137 0.78483 0.017295 0.012694
1.0 0.138137 0.799429 0.017295 0.012694
0.0 0.138359 0.741035 0.017738 0.012694
1.0 0.138359 0.75595 0.017738 0.012694
1.0 0.138581 0.770708 0.016408 0.011742
1.0 0.157428 0.857664 0.017738 0.011742
1.0 0.15765 0.843383 0.017295 0.011742
1.0 0.15765 0.872104 0.017295 0.012694
1.0 0.15765 0.886703 0.017295 0.012694
1.0 0.158315 0.785148 0.017738 0.012694
1.0 0.158537 0.770708 0.017295 0.012377
1.0 0.158537 0.799905 0.017295 0.011742
1.0 0.158537 0.814503 0.017295 0.011742
0.0 0.158537 0.828626 0.017295 0.012694
1.0 0.15898 0.756268 0.017295 0.012694
1.0 0.159424 0.742145 0.017295 0.012377
1.0 0.163636 0.595684 0.018625 0.013329
1.0 0.163636 0.610441 0.017738 0.012377
1.0 0.163636 0.625198 0.017738 0.012694
1.0 0.163636 0.639162 0.017738 0.01206
1.0 0.164302 0.422406 0.018182 0.012694
1.0 0.164302 0.451603 0.018182 0.012694
1.0 0.164302 0.466043 0.018182 0.012377
1.0 0.164302 0.480641 0.018182 0.013012
1.0 0.164302 0.495081 0.018182 0.012694
1.0 0.164967 0.378293 0.018625 0.013329
0.0 0.164967 0.392891 0.018625 0.012694
1.0 0.164967 0.407966 0.018625 0.013012
0.0 0.164967 0.437163 0.018625 0.013012
0.0 0.164967 0.510156 0.018625 0.012377
1.0 0.178271 0.800381 0.017738 0.012694
1.0 0.178271 0.814503 0.017738 0.012377
1.0 0.178271 0.828943 0.017738 0.012694
1.0 0.178271 0.843542 0.017738 0.012694
1.0 0.178492 0.857982 0.017295 0.012377
1.0 0.178492 0.87258 0.016408 0.011742
0.0 0.178492 0.88702 0.017295 0.013329
1.0 0.179157 0.756268 0.017738 0.012694
1.0 0.179157 0.770866 0.017738 0.012694
1.0 0.179379 0.785782 0.017295 0.012694
1.0 0.207539 0.6106 0.018625 0.012694
0.0 0.207539 0.625198 0.018625 0.012694
0.0 0.207539 0.640273 0.018625 0.012377
1.0 0.207982 0.480958 0.018625 0.013012
1.0 0.207982 0.510473 0.018625 0.013012
0.0 0.207982 0.595684 0.017738 0.012694
1.0 0.208204 0.378927 0.018182 0.012694
1.0 0.208204 0.408283 0.018182 0.012377
1.0 0.208204 0.43748 0.018182 0.012377
1.0 0.208204 0.45192 0.018182 0.012694
1.0 0.208204 0.466043 0.018182 0.012377
0.0 0.208204 0.495557 0.018182 0.012377
1.0 0.208426 0.393209 0.018625 0.012694
0.0 0.209091 0.422723 0.017295 0.012694
0.0 0.252106 0.452555 0.018182 0.012694
1.0 0.252106 0.51079 0.018182 0.013012
1.0 0.252106 0.625674 0.018182 0.012377
0.0 0.252328 0.378927 0.018625 0.013329
1.0 0.252328 0.393843 0.018625 0.012694
0.0 0.252328 0.4086 0.018625 0.013012
1.0 0.252328 0.495716 0.018625 0.012694
1.0 0.252328 0.596319 0.017738 0.012694
0.0 0.252328 0.611235 0.017738 0.012694
1.0 0.25255 0.422723 0.018182 0.012694
1.0 0.25255 0.437798 0.018182 0.012377
0.0 0.25255 0.467312 0.018182 0.012377
1.0 0.25255 0.481593 0.018182 0.012377
1.0 0.25255 0.640273 0.018182 0.012377
1.0 0.256541 0.873056 0.018182 0.012694
1.0 0.256541 0.887972 0.018182 0.012694
1.0 0.257206 0.800698 0.017738 0.012694
1.0 0.257206 0.829578 0.017738 0.012694
0.0 0.257206 0.844176 0.017738 0.012694
1.0 0.257428 0.786258 0.017295 0.012377
1.0 0.25765 0.858458 0.017738 0.012694
1.0 0.258093 0.815614 0.017738 0.012694
1.0 0.258315 0.75722 0.018182 0.013329
1.0 0.258315 0.771818 0.018182 0.012694
1.0 0.258537 0.728023 0.017738 0.013329
1.0 0.278049 0.844176 0.017738 0.012694
1.0 0.278049 0.858616 0.017738 0.011742
1.0 0.278049 0.873056 0.017738 0.012694
1.0 0.278049 0.887655 0.017738 0.012694
0.0 0.278271 0.815455 0.018182 0.012377
1.0 0.278271 0.829737 0.016408 0.011742
1.0 0.278492 0.742621 0.017738 0.012694
1.0 0.278492 0.75722 0.017738 0.012694
1.0 0.278492 0.786734 0.017738 0.012694
1.0 0.278492 0.800857 0.017738 0.012377
1.0 0.279379 0.771818 0.017738 0.012694
1.0 0.297783 0.873374 0.017295 0.012694
1.0 0.297783 0.887972 0.017295 0.012694
1.0 0.298004 0.858934 0.017738 0.012377
1.0 0.298226 0.844494 0.016408 0.012694
0.0 0.298448 0.815614 0.017738 0.012694
1.0 0.299335 0.787052 0.017738 0.012694
1.0 0.299335 0.801333 0.017738 0.012694
1.0 0.299335 0.829895 0.017738 0.012694
1.0 0.299557 0.771818 0.018182 0.012694
1.0 0.299778 0.743573 0.017738 0.013329
1.0 0.3 0.758172 0.017295 0.012694
1.0 0.318625 0.87385 0.016408 0.012377
1.0 0.318625 0.888131 0.016408 0.012377
1.0 0.31929 0.801968 0.017738 0.012694
1.0 0.31929 0.81609 0.017738 0.012377
1.0 0.31929 0.83053 0.017738 0.012694
1.0 0.31929 0.845129 0.017738 0.012694
0.0 0.31929 0.859251 0.017738 0.012377
1.0 0.319734 0.758172 0.017738 0.013329
1.0 0.320621 0.772453 0.017738 0.012694
1.0 0.320621 0.787052 0.017738 0.012694
1.0 0.329933 0.641384 0.017738 0.012694
0.0 0.330377 0.597112 0.017738 0.013646
0.0 0.330377 0.612345 0.017738 0.013012
0.0 0.330377 0.626626 0.017738 0.013012
1.0 0.331486 0.395113 0.018182 0.012694
1.0 0.331486 0.482387 0.018182 0.012694
1.0 0.331486 0.496668 0.018182 0.012694
0.0 0.331486 0.511266 0.018182 0.012694
1.0 0.331929 0.467788 0.019069 0.012694
0.0 0.332151 0.379879 0.018625 0.012694
1.0 0.332151 0.409711 0.018625 0.012694
1.0 0.332151 0.423992 0.018625 0.012694
1.0 0.332151 0.438591 0.018625 0.012694
1.0 0.332151 0.453189 0.018625 0.012694
0.0 0.373614 0.641225 0.018182 0.013012
1.0 0.373836 0.62742 0.017738 0.012694
1.0 0.374723 0.597588 0.017738 0.012694
1.0 0.374945 0.511584 0.018182 0.012694
1.0 0.374945 0.612345 0.018182 0.013012
0.0 0.375388 0.39543 0.018182 0.012694
0.0 0.375388 0.410029 0.018182 0.012694
0.0 0.375388 0.424627 0.018182 0.012694
1.0 0.375388 0.439226 0.018182 0.012694
0.0 0.375388 0.453507 0.018182 0.012694
0.0 0.375388 0.468105 0.018182 0.012694
1.0 0.375388 0.482704 0.018182 0.012694
1.0 0.37561 0.380514 0.017738 0.012694
1.0 0.37561 0.497302 0.018625 0.012694
1.0 0.396896 0.845446 0.017738 0.01206
1.0 0.396896 0.874643 0.016851 0.01206
1.0 0.396896 0.889242 0.016851 0.012694
1.0 0.397561 0.816249 0.017295 0.012694
1.0 0.397561 0.860679 0.017295 0.012694
1.0 0.397783 0.80292 0.017738 0.012694
1.0 0.397783 0.831482 0.017738 0.012694
1.0 0.39867 0.758172 0.018625 0.012694
0.0 0.39867 0.773088 0.018625 0.012694
1.0 0.39867 0.787686 0.018625 0.012694
0.0 0.399113 0.729292 0.017738 0.012694
0.0 0.41796 0.641542 0.018182 0.012377
1.0 0.41796 0.860679 0.017295 0.012694
1.0 0.41796 0.874643 0.017295 0.01206
1.0 0.41796 0.889876 0.017295 0.012694
0.0 0.418182 0.612345 0.017738 0.013012
1.0 0.418182 0.62742 0.017738 0.012694
0.0 0.418404 0.597747 0.018182 0.013012
1.0 0.418404 0.787686 0.017295 0.012694
1.0 0.418404 0.802285 0.017295 0.012694
1.0 0.418404 0.816884 0.017295 0.012694
1.0 0.418404 0.831482 0.017295 0.01206
1.0 0.418404 0.845763 0.017295 0.01206
1.0 0.418847 0.512218 0.018182 0.012694
1.0 0.419069 0.743891 0.017738 0.012694
1.0 0.419069 0.758489 0.016851 0.012694
0.0 0.419069 0.773723 0.016851 0.012694
1.0 0.41929 0.380514 0.018182 0.012694
1.0 0.41929 0.39543 0.018182 0.012694
1.0 0.41929 0.410663 0.018182 0.012694
1.0 0.41929 0.424627 0.018182 0.012694
0.0 0.41929 0.439543 0.018182 0.012694
1.0 0.41929 0.454142 0.018182 0.012694
1.0 0.41929 0.468423 0.018182 0.012694
1.0 0.41929 0.497302 0.018182 0.012694
0.0 0.419512 0.483339 0.017738 0.012694
1.0 0.437029 0.889876 0.017295 0.012694
0.0 0.438137 0.845763 0.016851 0.01206
1.0 0.438137 0.860679 0.016851 0.012694
1.0 0.438137 0.874643 0.016851 0.01206
1.0 0.438803 0.788321 0.017295 0.012694
1.0 0.438803 0.817518 0.017295 0.012694
1.0 0.438803 0.831799 0.017295 0.012694
1.0 0.439024 0.80292 0.017738 0.012694
1.0 0.440133 0.744208 0.017295 0.013329
1.0 0.440133 0.758807 0.017295 0.012694
1.0 0.440133 0.773723 0.017295 0.012694
1.0 0.458093 0.875278 0.017738 0.012694
1.0 0.458093 0.890511 0.017738 0.012694
1.0 0.459202 0.816884 0.017295 0.012694
1.0 0.459202 0.832117 0.017295 0.012694
1.0 0.459202 0.846715 0.017295 0.012694
1.0 0.459202 0.861314 0.017295 0.012694
1.0 0.459645 0.758807 0.017295 0.013329
0.0 0.459645 0.774357 0.017295 0.012694
1.0 0.459645 0.788321 0.017295 0.012694
1.0 0.459645 0.80292 0.017295 0.012694
1.0 0.461197 0.598381 0.017738 0.013012
0.0 0.461419 0.627261 0.018182 0.013012
1.0 0.461641 0.612821 0.017738 0.012694
1.0 0.462084 0.641701 0.018625 0.013329
0.0 0.462749 0.498572 0.018182 0.012694
1.0 0.463193 0.439702 0.018182 0.013646
1.0 0.463415 0.381625 0.018625 0.013012
1.0 0.463415 0.396382 0.018625 0.012694
1.0 0.463415 0.410663 0.018625 0.012694
1.0 0.463415 0.424786 0.018625 0.013646
1.0 0.463415 0.454618 0.018625 0.013012
1.0 0.463415 0.469057 0.018625 0.012694
1.0 0.463415 0.483656 0.018625 0.012694
1.0 0.463415 0.512694 0.018625 0.013012
1.0 0.536142 0.86179 0.017738 0.012377
1.0 0.536142 0.87623 0.017738 0.012694
1.0 0.536142 0.890987 0.017738 0.012377
1.0 0.536807 0.847191 0.017295 0.012377
1.0 0.537472 0.81847 0.017738 0.012694
1.0 0.537472 0.832752 0.017738 0.013329
1.0 0.538137 0.803713 0.018182 0.012377
1.0 0.538359 0.759759 0.017738 0.012694
1.0 0.538359 0.774675 0.017738 0.013329
0.0 0.538359 0.789432 0.017738 0.012377
1.0 0.539024 0.730562 0.017295 0.013329
0.0 0.539911 0.642494 0.018182 0.012377
0.0 0.540355 0.599016 0.018182 0.012377
0.0 0.540355 0.613773 0.018182 0.012694
0.0 0.540576 0.628531 0.018625 0.012377
1.0 0.540798 0.51317 0.018182 0.012694
0.0 0.541242 0.498572 0.018182 0.012694
1.0 0.541463 0.484608 0.018625 0.012694
0.0 0.541685 0.469692 0.018182 0.012694
1.0 0.541907 0.455094 0.018625 0.012694
0.0 0.542129 0.440495 0.018182 0.012694
1.0 0.542572 0.381625 0.018182 0.013646
1.0 0.542572 0.396382 0.018182 0.012694
1.0 0.542572 0.411615 0.018182 0.012694
1.0 0.542572 0.425897 0.018182 0.012694
1.0 0.55765 0.847985 0.017295 0.013329
1.0 0.55765 0.876706 0.017295 0.012377
1.0 0.55765 0.891304 0.017295 0.012377
1.0 0.557871 0.862425 0.016851 0.011742
1.0 0.558315 0.818629 0.017738 0.012377
1.0 0.558315 0.832593 0.017738 0.012377
1.0 0.55898 0.789432 0.017295 0.012377
1.0 0.55898 0.803554 0.017295 0.012694
0.0 0.559202 0.745478 0.017738 0.012694
1.0 0.559202 0.7596 0.017738 0.012377
1.0 0.559202 0.774516 0.017738 0.012377
1.0 0.577384 0.891304 0.017738 0.012377
1.0 0.578049 0.862425 0.017295 0.012377
0.0 0.578049 0.876706 0.017295 0.012377
1.0 0.578492 0.833228 0.017295 0.012377
1.0 0.578492 0.847826 0.017295 0.012377
1.0 0.579157 0.760235 0.017738 0.012377
1.0 0.579157 0.774833 0.017738 0.012377
1.0 0.579157 0.789432 0.017738 0.012377
1.0 0.579379 0.745954 0.017295 0.011742
1.0 0.579379 0.80403 0.017295 0.012377
1.0 0.579379 0.818312 0.017295 0.012377
1.0 0.58337 0.642812 0.018182 0.012377
1.0 0.583814 0.613615 0.018182 0.012377
1.0 0.584035 0.628689 0.018625 0.013329
1.0 0.584479 0.599492 0.018625 0.013329
1.0 0.584701 0.51317 0.018182 0.012694
0.0 0.585144 0.484608 0.018182 0.012694
1.0 0.585144 0.498572 0.018182 0.01206
1.0 0.585588 0.426531 0.018182 0.01206
1.0 0.585588 0.440495 0.018182 0.012694
1.0 0.585588 0.47001 0.018182 0.012694
1.0 0.585809 0.455094 0.018625 0.012694
0.0 0.586253 0.396382 0.018625 0.012694
1.0 0.586475 0.381784 0.018182 0.012694
1.0 0.586475 0.412091 0.018182 0.013012
1.0 0.598226 0.862742 0.017738 0.012377
1.0 0.598226 0.877182 0.017738 0.012694
1.0 0.598226 0.891939 0.017738 0.012377
1.0 0.598891 0.847985 0.017295 0.012694
1.0 0.599113 0.819264 0.017738 0.012377
1.0 0.599113 0.833545 0.017738 0.012377
1.0 0.6 0.760394 0.017738 0.013329
1.0 0.6 0.775468 0.017738 0.012377
1.0 0.6 0.789749 0.017738 0.012377
0.0 0.600222 0.804189 0.017295 0.012694
1.0 0.627938 0.629165 0.018625 0.012377
1.0 0.628825 0.600127 0.018625 0.013329
1.0 0.628825 0.614091 0.018625 0.012694
0.0 0.628825 0.643288 0.018625 0.012694
1.0 0.629047 0.513805 0.018182 0.01206
1.0 0.62949 0.499207 0.018182 0.01206
1.0 0.629712 0.484608 0.018625 0.012694
0.0 0.629933 0.455728 0.018182 0.012694
1.0 0.630155 0.44113 0.018625 0.012694
1.0 0.630377 0.397017 0.018182 0.012694
1.0 0.630377 0.469851 0.019069 0.013012
1.0 0.63082 0.381625 0.018182 0.013646
1.0 0.63082 0.412091 0.018182 0.013012
0.0 0.631042 0.426214 0.018625 0.012694
0.0 0.67184 0.6298 0.018625 0.012377
1.0 0.672062 0.643288 0.018182 0.013329
0.0 0.672284 0.600127 0.018625 0.013329
0.0 0.672506 0.614884 0.018182 0.012377
0.0 0.672949 0.513964 0.018182 0.011742
1.0 0.673614 0.499524 0.018625 0.012694
1.0 0.673836 0.455411 0.018182 0.01206
1.0 0.674058 0.484608 0.018625 0.012694
1.0 0.674279 0.47001 0.018182 0.012694
1.0 0.674501 0.426531 0.018625 0.012694
1.0 0.674723 0.441447 0.018182 0.012694
1.0 0.674945 0.397175 0.018625 0.013012
0.0 0.675166 0.412091 0.018182 0.013012
0.0 0.67561 0.381942 0.018182 0.013646
1.0 0.678271 0.849413 0.018182 0.013012
1.0 0.678271 0.863694 0.017295 0.012377
1.0 0.678271 0.878293 0.018182 0.013012
1.0 0.678271 0.893209 0.017295 0.012377
1.0 0.678714 0.790701 0.018182 0.012377
0.0 0.678714 0.805617 0.018182 0.012377
1.0 0.678714 0.834814 0.018182 0.012377
1.0 0.679157 0.820216 0.018182 0.012377
0.0 0.679601 0.732307 0.018182 0.013012
1.0 0.679601 0.761822 0.018182 0.013012
1.0 0.679601 0.77642 0.018182 0.012377
1.0 0.699113 0.864329 0.017295 0.012377
1.0 0.699113 0.878927 0.017295 0.012377
1.0 0.699113 0.893843 0.017295 0.013012
0.0 0.699557 0.790701 0.018182 0.012377
1.0 0.699557 0.805617 0.018182 0.012377
1.0 0.699557 0.820216 0.018182 0.012377
1.0 0.699557 0.835449 0.017295 0.012377
1.0 0.699557 0.84973 0.018182 0.013012
1.0 0.700443 0.747223 0.018182 0.012377
1.0 0.700443 0.761822 0.018182 0.012377
1.0 0.700443 0.777055 0.018182 0.012377
1.0 0.711973 0.201999 0.014634 0.010473
1.0 0.711973 0.286417 0.015521 0.011108
1.0 0.712195 0.269914 0.015078 0.011108
1.0 0.712195 0.304507 0.015078 0.011108
1.0 0.712639 0.168359 0.015078 0.011108
1.0 0.712639 0.185497 0.015078 0.011108
0.0 0.712639 0.219137 0.015078 0.010473
1.0 0.712639 0.235957 0.015078 0.010473
1.0 0.712639 0.252777 0.015078 0.011108
1.0 0.713969 0.151222 0.015078 0.011108
1.0 0.719512 0.894478 0.017295 0.012377
1.0 0.719956 0.806252 0.017295 0.012377
1.0 0.719956 0.820851 0.017295 0.012377
1.0 0.719956 0.835449 0.018182 0.012377
0.0 0.719956 0.850048 0.018182 0.012377
1.0 0.719956 0.864964 0.017295 0.012377
1.0 0.720843 0.747223 0.017295 0.012377
1.0 0.720843 0.762456 0.018182 0.012377
1.0 0.720843 0.777055 0.018182 0.012377
1.0 0.720843 0.791336 0.018182 0.012377
1.0 0.729047 0.304507 0.015078 0.011108
0.0 0.729268 0.287052 0.014634 0.010473
1.0 0.72949 0.185497 0.015078 0.010473
1.0 0.72949 0.202634 0.015078 0.011108
1.0 0.72949 0.219137 0.015078 0.010473
1.0 0.72949 0.236274 0.015078 0.011108
1.0 0.72949 0.253094 0.015078 0.010473
1.0 0.72949 0.269914 0.015078 0.011108
1.0 0.730155 0.151222 0.014634 0.010473
1.0 0.730155 0.168359 0.014634 0.010473
1.0 0.740355 0.864964 0.018182 0.012377
1.0 0.740355 0.880197 0.018182 0.012377
1.0 0.740355 0.894795 0.018182 0.012377
1.0 0.741242 0.791971 0.018182 0.012377
1.0 0.741242 0.820851 0.017295 0.012377
1.0 0.741242 0.836084 0.018182 0.012377
1.0 0.741242 0.850365 0.018182 0.012377
0.0 0.741685 0.762456 0.018182 0.013012
1.0 0.741685 0.777372 0.018182 0.013012
1.0 0.741685 0.806252 0.017295 0.012377
1.0 0.745898 0.253094 0.015078 0.011108
1.0 0.745898 0.269914 0.015078 0.010473
1.0 0.745898 0.287369 0.015078 0.010473
1.0 0.745898 0.304507 0.015078 0.011108
1.0 0.74612 0.186131 0.016408 0.011742
1.0 0.74612 0.219137 0.014634 0.010473
0.0 0.747007 0.151857 0.014634 0.010473
1.0 0.747228 0.168359 0.015078 0.011108
1.0 0.747228 0.201999 0.015078 0.010473
1.0 0.747228 0.236274 0.015078 0.010473
1.0 0.751441 0.630752 0.017295 0.013012
1.0 0.751663 0.615836 0.018625 0.013012
0.0 0.751663 0.645033 0.018625 0.011742
0.0 0.752106 0.601555 0.018625 0.013646
1.0 0.752993 0.500159 0.018625 0.012694
1.0 0.752993 0.514757 0.018625 0.012694
1.0 0.753215 0.48556 0.019069 0.012694
1.0 0.753437 0.456046 0.018625 0.012694
1.0 0.753437 0.470644 0.018625 0.012694
1.0 0.75388 0.441447 0.018625 0.012694
1.0 0.754324 0.426531 0.018625 0.012694
1.0 0.755211 0.382736 0.017738 0.012694
1.0 0.755211 0.397334 0.018625 0.012694
0.0 0.755211 0.411933 0.018625 0.012694
1.0 0.762749 0.288004 0.015078 0.011108
1.0 0.762749 0.304507 0.015078 0.011108
1.0 0.763415 0.253729 0.014634 0.011108
1.0 0.763415 0.270866 0.014634 0.011108
1.0 0.76408 0.185497 0.015078 0.011108
1.0 0.76408 0.202634 0.015078 0.011108
1.0 0.76408 0.219454 0.015078 0.010473
0.0 0.76408 0.236909 0.015078 0.010473
1.0 0.764302 0.151222 0.014634 0.011108
1.0 0.764523 0.168359 0.015078 0.011108
1.0 0.779379 0.288004 0.014634 0.011108
1.0 0.779379 0.304824 0.014634 0.011108
1.0 0.780266 0.236909 0.014634 0.010473
0.0 0.780488 0.253729 0.015078 0.011108
1.0 0.780488 0.270866 0.015078 0.010473
1.0 0.780931 0.152015 0.015078 0.01206
1.0 0.780931 0.168359 0.015078 0.010473
1.0 0.780931 0.185497 0.015078 0.011108
1.0 0.780931 0.202634 0.015078 0.011108
1.0 0.780931 0.219454 0.015078 0.011108
1.0 0.796231 0.645985 0.017295 0.012377
0.0 0.796452 0.630752 0.018625 0.013012
1.0 0.796674 0.60219 0.018182 0.013012
0.0 0.796674 0.616471 0.018182 0.013012
0.0 0.797118 0.516185 0.019069 0.013646
1.0 0.797339 0.254046 0.015078 0.011108
1.0 0.797339 0.288004 0.015078 0.011108
1.0 0.797339 0.305459 0.015078 0.011108
0.0 0.797561 0.270866 0.014634 0.011108
1.0 0.797783 0.202634 0.015078 0.011108
1.0 0.797783 0.219772 0.015078 0.010473
1.0 0.797783 0.237226 0.015078 0.010473
1.0 0.797783 0.500476 0.018625 0.012694
1.0 0.798226 0.470962 0.018625 0.012694
1.0 0.798226 0.48556 0.018625 0.012694
1.0 0.79867 0.151539 0.015078 0.011108
1.0 0.79867 0.168994 0.015078 0.011108
1.0 0.79867 0.185814 0.015078 0.010473
1.0 0.798891 0.456046 0.019069 0.012694
1.0 0.799335 0.442082 0.019069 0.012694
1.0 0.799557 0.413202 0.018625 0.012694
1.0 0.799557 0.426849 0.018625 0.012694
1.0 0.800222 0.382894 0.019069 0.013646
1.0 0.800443 0.39781 0.018625 0.013012
1.0 0.820843 0.779276 0.017738 0.013012
1.0 0.820843 0.793558 0.017738 0.013012
1.0 0.820843 0.807839 0.017738 0.013012
1.0 0.820843 0.822755 0.017738 0.013012
1.0 0.820843 0.837353 0.017738 0.013012
1.0 0.820843 0.852269 0.017738 0.013012
0.0 0.820843 0.882101 0.017738 0.013012
1.0 0.821286 0.763726 0.018625 0.013012
1.0 0.821286 0.867185 0.018625 0.013012
1.0 0.821286 0.896699 0.018625 0.012377
1.0 0.821729 0.734846 0.017738 0.013012
1.0 0.84102 0.632339 0.018182 0.013012
1.0 0.841242 0.602507 0.018625 0.013012
0.0 0.841685 0.61774 0.018625 0.013012
1.0 0.841907 0.64662 0.017295 0.012377
1.0 0.842129 0.749762 0.017738 0.013012
1.0 0.842129 0.764043 0.017738 0.013012
1.0 0.842129 0.793875 0.017738 0.013012
1.0 0.842129 0.807839 0.017738 0.013012
1.0 0.842129 0.823072 0.017738 0.013012
1.0 0.842129 0.838305 0.017738 0.012377
0.0 0.842129 0.867502 0.017738 0.013012
1.0 0.843016 0.779276 0.017738 0.012377
1.0 0.843016 0.852269 0.017738 0.012377
1.0 0.843016 0.882418 0.018625 0.012377
1.0 0.843016 0.897334 0.017738 0.013012
0.0 0.843237 0.486195 0.019069 0.012694
0.0 0.843237 0.501111 0.019069 0.012694
1.0 0.843237 0.515709 0.019069 0.012694
0.0 0.844124 0.471596 0.019069 0.012694
1.0 0.844346 0.442082 0.018625 0.012694
1.0 0.844568 0.397969 0.019069 0.012694
1.0 0.844568 0.412885 0.019069 0.012694
1.0 0.844568 0.45668 0.019069 0.012694
1.0 0.844789 0.427483 0.018625 0.012694
0.0 0.845233 0.382894 0.018625 0.013646
0.0 0.854989 0.288321 0.014191 0.011108
1.0 0.854989 0.305776 0.014191 0.011108
1.0 0.855211 0.237544 0.014634 0.011108
1.0 0.855432 0.254364 0.015078 0.011108
1.0 0.855432 0.271342 0.014191 0.01079
1.0 0.855876 0.186131 0.015078 0.011108
1.0 0.855876 0.203427 0.015078 0.011425
1.0 0.856098 0.220406 0.014634 0.011742
1.0 0.856319 0.169153 0.015965 0.011425
1.0 0.856763 0.151857 0.015078 0.011108
1.0 0.863858 0.749762 0.017738 0.013012
1.0 0.863858 0.764995 0.018625 0.013012
0.0 0.863858 0.779594 0.017738 0.012377
1.0 0.863858 0.794192 0.017738 0.013012
1.0 0.863858 0.808791 0.018625 0.012377
1.0 0.863858 0.823389 0.017738 0.013012
1.0 0.863858 0.838305 0.017738 0.012377
1.0 0.863858 0.853221 0.017738 0.012377
1.0 0.863858 0.86782 0.017738 0.012377
1.0 0.863858 0.88337 0.017738 0.012377
1.0 0.863858 0.897969 0.017738 0.013012
1.0 0.87184 0.305617 0.014191 0.01079
1.0 0.872727 0.254364 0.014191 0.011108
0.0 0.872727 0.271501 0.014191 0.011108
1.0 0.872949 0.288956 0.014634 0.011108
1.0 0.873171 0.237385 0.014191 0.011425
1.0 0.873392 0.220406 0.014634 0.011108
1.0 0.873614 0.152174 0.014191 0.011742
1.0 0.873614 0.168994 0.015078 0.011108
1.0 0.873614 0.186131 0.015078 0.011108
1.0 0.873836 0.203269 0.015521 0.011108
1.0 0.883814 0.764995 0.017738 0.013012
0.0 0.883814 0.780228 0.017738 0.012377
1.0 0.883814 0.794827 0.017738 0.013012
1.0 0.885144 0.809108 0.018625 0.013012
1.0 0.885144 0.824024 0.018625 0.013012
1.0 0.885144 0.83894 0.018625 0.012377
1.0 0.885144 0.853856 0.018625 0.012377
1.0 0.885144 0.868772 0.017738 0.013012
1.0 0.885144 0.88337 0.017738 0.013012
1.0 0.885144 0.898921 0.018625 0.012377
0.0 0.885809 0.647255 0.017295 0.011742
0.0 0.886031 0.603777 0.018625 0.013646
1.0 0.886031 0.618058 0.018625 0.013012
0.0 0.886031 0.632974 0.018625 0.013012
1.0 0.888248 0.486512 0.018625 0.012694
1.0 0.888248 0.501111 0.018625 0.012694
1.0 0.888248 0.516344 0.018625 0.01206
0.0 0.888692 0.456998 0.018625 0.012694
1.0 0.888692 0.471596 0.017738 0.012694
1.0 0.889357 0.254998 0.013747 0.011108
1.0 0.889357 0.271501 0.013747 0.011108
0.0 0.889357 0.288956 0.013747 0.011108
1.0 0.889357 0.305776 0.013747 0.011108
1.0 0.889579 0.186131 0.012417 0.011108
0.0 0.889579 0.428118 0.018625 0.012694
0.0 0.889579 0.442717 0.018625 0.012694
1.0 0.8898 0.203269 0.01286 0.011108
1.0 0.8898 0.220724 0.01286 0.011108
1.0 0.8898 0.237544 0.01286 0.011742
1.0 0.890022 0.151857 0.01153 0.011108
1.0 0.890022 0.168994 0.01153 0.011108
1.0 0.890466 0.38337 0.018625 0.012694
0.0 0.890466 0.398921 0.018625 0.012694
1.0 0.890466 0.413043 0.018625 0.013012
