1 0.720843 0.307521 0.015521 0.010790
0 0.720843 0.290860 0.015521 0.011108
1 0.721508 0.206125 0.015078 0.011108
1 0.721729 0.239448 0.015521 0.011108
1 0.721729 0.256903 0.015521 0.011108
1 0.721508 0.273881 0.015078 0.010790
1 0.721951 0.172644 0.015078 0.011425
1 0.721951 0.223104 0.015078 0.010790
1 0.722838 0.155824 0.015078 0.010790
1 0.722616 0.189940 0.015521 0.011108
1 0.737916 0.307680 0.015078 0.011108
1 0.737916 0.291019 0.015078 0.010790
1 0.738359 0.274040 0.015078 0.009838
1 0.738359 0.257061 0.015078 0.010790
1 0.738803 0.222945 0.015078 0.011108
1 0.738803 0.155506 0.015078 0.010156
0 0.739024 0.206284 0.014634 0.010790
1 0.739024 0.240241 0.014634 0.010790
1 0.739690 0.172961 0.015078 0.010790
1 0.739690 0.189622 0.015078 0.011108
1 0.754989 0.307997 0.015521 0.011108
1 0.754767 0.290701 0.015078 0.010156
1 0.755876 0.257220 0.015521 0.011108
1 0.756098 0.239924 0.015078 0.010156
1 0.756098 0.223104 0.015078 0.010156
1 0.756098 0.274040 0.015078 0.009838
1 0.755876 0.206442 0.014634 0.009838
0 0.755876 0.172961 0.014634 0.010790
1 0.756541 0.189781 0.015078 0.010156
1 0.756541 0.156458 0.015078 0.010790
1 0.771619 0.308156 0.015078 0.010790
1 0.772949 0.274199 0.015078 0.010790
1 0.772727 0.291177 0.015521 0.011108
1 0.772949 0.257379 0.015078 0.010156
1 0.772949 0.240559 0.015078 0.010156
1 0.772949 0.190257 0.015078 0.011108
1 0.773392 0.206918 0.015078 0.010790
0 0.773392 0.156776 0.015078 0.010156
1 0.773392 0.223897 0.015078 0.011108
1 0.773392 0.173437 0.015078 0.011108
1 0.789357 0.291971 0.015078 0.010790
1 0.789357 0.308156 0.015078 0.010156
0 0.789135 0.274833 0.014634 0.010790
1 0.789800 0.257696 0.015078 0.010790
1 0.789800 0.207077 0.015078 0.011108
1 0.789800 0.240876 0.015078 0.010790
1 0.789800 0.173913 0.015078 0.010790
1 0.789800 0.224056 0.015078 0.010790
1 0.789800 0.190574 0.015078 0.011108
1 0.790022 0.156934 0.014634 0.011108
1 0.806208 0.308632 0.015078 0.011108
1 0.806208 0.291019 0.015078 0.010156
1 0.806652 0.274516 0.015078 0.010156
1 0.806652 0.241035 0.015078 0.011108
1 0.806430 0.223738 0.015521 0.010156
1 0.807095 0.157410 0.015078 0.010156
1 0.807095 0.258013 0.015078 0.010790
0 0.807095 0.207871 0.015078 0.010790
1 0.807539 0.191050 0.015078 0.011425
1 0.807539 0.174072 0.015078 0.011108
1 0.720843 0.307521 0.015521 0.010790
0 0.720843 0.290860 0.015521 0.011108
1 0.721508 0.206125 0.015078 0.011108
1 0.721729 0.239448 0.015521 0.011108
1 0.721729 0.256903 0.015521 0.011108
1 0.721508 0.273881 0.015078 0.010790
1 0.721951 0.172644 0.015078 0.011425
1 0.721951 0.223104 0.015078 0.010790
1 0.722838 0.155824 0.015078 0.010790
1 0.722616 0.189940 0.015521 0.011108
1 0.737916 0.307680 0.015078 0.011108
1 0.737916 0.291019 0.015078 0.010790
1 0.738359 0.274040 0.015078 0.009838
1 0.738359 0.257061 0.015078 0.010790
1 0.738803 0.222945 0.015078 0.011108
1 0.738803 0.155506 0.015078 0.010156
1 0.739024 0.206284 0.014634 0.010790
0 0.739024 0.240241 0.014634 0.010790
1 0.739690 0.172961 0.015078 0.010790
1 0.739690 0.189622 0.015078 0.011108
1 0.754989 0.307997 0.015521 0.011108
1 0.754767 0.290701 0.015078 0.010156
1 0.755876 0.257220 0.015521 0.011108
1 0.756098 0.239924 0.015078 0.010156
1 0.756098 0.223104 0.015078 0.010156
1 0.756098 0.274040 0.015078 0.009838
1 0.755876 0.206442 0.014634 0.009838
1 0.755876 0.172961 0.014634 0.010790
0 0.756541 0.189781 0.015078 0.010156
1 0.756541 0.156458 0.015078 0.010790
1 0.771619 0.308156 0.015078 0.010790
1 0.772949 0.274199 0.015078 0.010790
1 0.772727 0.291177 0.015521 0.011108
1 0.772949 0.257379 0.015078 0.010156
1 0.772949 0.240559 0.015078 0.010156
1 0.772949 0.190257 0.015078 0.011108
1 0.773392 0.206918 0.015078 0.010790
1 0.773392 0.156776 0.015078 0.010156
0 0.773392 0.223897 0.015078 0.011108
1 0.773392 0.173437 0.015078 0.011108
1 0.789357 0.291971 0.015078 0.010790
1 0.789357 0.308156 0.015078 0.010156
1 0.789135 0.274833 0.014634 0.010790
1 0.789800 0.257696 0.015078 0.010790
1 0.789800 0.207077 0.015078 0.011108
0 0.789800 0.240876 0.015078 0.010790
1 0.789800 0.173913 0.015078 0.010790
1 0.789800 0.224056 0.015078 0.010790
1 0.789800 0.190574 0.015078 0.011108
1 0.790022 0.156934 0.014634 0.011108
1 0.806208 0.308632 0.015078 0.011108
1 0.806208 0.291019 0.015078 0.010156
1 0.806652 0.274516 0.015078 0.010156
1 0.806652 0.241035 0.015078 0.011108
1 0.806430 0.223738 0.015521 0.010156
1 0.807095 0.157410 0.015078 0.010156
1 0.807095 0.258013 0.015078 0.010790
1 0.807095 0.207871 0.015078 0.010790
0 0.807539 0.191050 0.015078 0.011425
1 0.807539 0.174072 0.015078 0.011108
1 0.864080 0.258331 0.015521 0.010790
0 0.863858 0.292288 0.015078 0.010790
1 0.864080 0.275309 0.015521 0.011108
1 0.863858 0.308791 0.015078 0.010790
1 0.864080 0.241511 0.015521 0.010790
1 0.864302 0.191685 0.015078 0.010790
1 0.864080 0.207871 0.015521 0.010790
1 0.864302 0.158362 0.015078 0.010790
1 0.864080 0.225008 0.015521 0.010790
1 0.865188 0.175182 0.015078 0.010790
1 0.881153 0.308791 0.015078 0.010790
1 0.881153 0.225008 0.014191 0.010790
1 0.881153 0.258965 0.014191 0.010790
0 0.881818 0.292288 0.015521 0.010790
1 0.882040 0.241828 0.015078 0.010790
1 0.881596 0.191685 0.014191 0.010790
1 0.881596 0.175182 0.014191 0.010156
1 0.882040 0.208823 0.015078 0.010790
1 0.882040 0.275468 0.015078 0.010790
1 0.882483 0.158362 0.015078 0.010790
1 0.898004 0.258648 0.015078 0.010156
1 0.898004 0.275468 0.015078 0.010790
0 0.898670 0.175182 0.013747 0.010156
1 0.898670 0.208823 0.013747 0.010790
1 0.898670 0.225167 0.013747 0.011108
1 0.898670 0.292288 0.013747 0.010790
1 0.898670 0.309426 0.013747 0.010790
1 0.898670 0.191685 0.013747 0.010790
1 0.898670 0.158362 0.013747 0.010790
1 0.899113 0.242145 0.012860 0.010790
1 0.864080 0.258331 0.015521 0.010790
1 0.863858 0.292288 0.015078 0.010790
1 0.864080 0.275309 0.015521 0.011108
0 0.863858 0.308791 0.015078 0.010790
1 0.864080 0.241511 0.015521 0.010790
1 0.864302 0.191685 0.015078 0.010790
1 0.864080 0.207871 0.015521 0.010790
1 0.864302 0.158362 0.015078 0.010790
1 0.864080 0.225008 0.015521 0.010790
1 0.865188 0.175182 0.015078 0.010790
1 0.881153 0.308791 0.015078 0.010790
0 0.881153 0.225008 0.014191 0.010790
1 0.881153 0.258965 0.014191 0.010790
1 0.881818 0.292288 0.015521 0.010790
1 0.882040 0.241828 0.015078 0.010790
1 0.881596 0.191685 0.014191 0.010790
1 0.881596 0.175182 0.014191 0.010156
1 0.882040 0.208823 0.015078 0.010790
1 0.882040 0.275468 0.015078 0.010790
1 0.882483 0.158362 0.015078 0.010790
1 0.898004 0.258648 0.015078 0.010156
1 0.898004 0.275468 0.015078 0.010790
1 0.898670 0.175182 0.013747 0.010156
1 0.898670 0.208823 0.013747 0.010790
1 0.898670 0.225167 0.013747 0.011108
1 0.898670 0.292288 0.013747 0.010790
0 0.898670 0.309426 0.013747 0.010790
1 0.898670 0.191685 0.013747 0.010790
1 0.898670 0.158362 0.013747 0.010790
1 0.899113 0.242145 0.012860 0.010790
1 0.123503 0.382260 0.019069 0.013012
1 0.213525 0.382260 0.019069 0.013012
1 0.168736 0.382577 0.019069 0.013012
0 0.258758 0.383212 0.016408 0.012377
1 0.123282 0.397175 0.017738 0.013012
1 0.168736 0.397493 0.019069 0.012377
1 0.213525 0.397493 0.019069 0.013012
0 0.258758 0.397493 0.019069 0.013012
1 0.213525 0.411774 0.019069 0.012377
1 0.168071 0.411774 0.018625 0.013012
0 0.258758 0.412250 0.019069 0.012060
1 0.123282 0.412250 0.017738 0.012060
1 0.213082 0.426690 0.019956 0.012377
1 0.123060 0.426690 0.019069 0.012377
0 0.167849 0.426531 0.017295 0.012060
1 0.258315 0.426531 0.019069 0.012060
0 0.168071 0.440971 0.018625 0.013012
1 0.122616 0.440971 0.019069 0.013012
1 0.258093 0.440971 0.018625 0.013012
1 0.212860 0.440971 0.017738 0.012377
0 0.166962 0.455570 0.019069 0.013012
1 0.257871 0.455570 0.019069 0.013012
1 0.122173 0.455887 0.019956 0.013012
1 0.211530 0.456680 0.017738 0.013964
0 0.121729 0.470486 0.019956 0.013012
1 0.166962 0.470486 0.019069 0.012377
1 0.257428 0.470486 0.019069 0.012377
1 0.213082 0.470803 0.016408 0.011108
0 0.166519 0.485084 0.019069 0.013012
1 0.212417 0.484925 0.018625 0.012060
1 0.256984 0.485084 0.019069 0.012377
1 0.122395 0.485243 0.017738 0.012060
1 0.211752 0.499683 0.019069 0.012377
0 0.256763 0.499524 0.017738 0.012060
1 0.121729 0.499683 0.019069 0.013012
1 0.166519 0.500000 0.019069 0.012377
1 0.166519 0.514599 0.019956 0.012377
0 0.211530 0.514599 0.017738 0.012377
1 0.256319 0.514757 0.017738 0.012060
1 0.120843 0.514599 0.019069 0.013012
1 0.123503 0.382260 0.019069 0.013012
1 0.213525 0.382260 0.019069 0.013012
0 0.168736 0.382577 0.019069 0.013012
1 0.258758 0.383212 0.016408 0.012377
0 0.123282 0.397175 0.017738 0.013012
1 0.168736 0.397493 0.019069 0.012377
1 0.213525 0.397493 0.019069 0.013012
1 0.258758 0.397493 0.019069 0.013012
1 0.213525 0.411774 0.019069 0.012377
1 0.168071 0.411774 0.018625 0.013012
0 0.258758 0.412250 0.019069 0.012060
1 0.123282 0.412250 0.017738 0.012060
1 0.213082 0.426690 0.019956 0.012377
1 0.123060 0.426690 0.019069 0.012377
0 0.167849 0.426531 0.017295 0.012060
1 0.258315 0.426531 0.019069 0.012060
1 0.168071 0.440971 0.018625 0.013012
1 0.122616 0.440971 0.019069 0.013012
0 0.258093 0.440971 0.018625 0.013012
1 0.212860 0.440971 0.017738 0.012377
0 0.166962 0.455570 0.019069 0.013012
1 0.257871 0.455570 0.019069 0.013012
1 0.122173 0.455887 0.019956 0.013012
1 0.211530 0.456680 0.017738 0.013964
0 0.121729 0.470486 0.019956 0.013012
1 0.166962 0.470486 0.019069 0.012377
1 0.257428 0.470486 0.019069 0.012377
1 0.213082 0.470803 0.016408 0.011108
0 0.166519 0.485084 0.019069 0.013012
1 0.212417 0.484925 0.018625 0.012060
1 0.256984 0.485084 0.019069 0.012377
1 0.122395 0.485243 0.017738 0.012060
1 0.211752 0.499683 0.019069 0.012377
1 0.256763 0.499524 0.017738 0.012060
0 0.121729 0.499683 0.019069 0.013012
1 0.166519 0.500000 0.019069 0.012377
1 0.166519 0.514599 0.019956 0.012377
1 0.211530 0.514599 0.017738 0.012377
0 0.256319 0.514757 0.017738 0.012060
1 0.120843 0.514599 0.019069 0.013012
1 0.338581 0.383529 0.018182 0.011742
1 0.427494 0.384322 0.018625 0.013329
1 0.383149 0.384481 0.018625 0.013646
0 0.472062 0.384640 0.018182 0.013329
1 0.338581 0.397652 0.018182 0.012694
1 0.383592 0.398604 0.017738 0.011425
0 0.472062 0.399238 0.018182 0.012694
1 0.427494 0.399238 0.018625 0.012694
1 0.338581 0.412726 0.017295 0.012377
1 0.383592 0.412726 0.018625 0.012377
1 0.427716 0.413520 0.018182 0.012694
0 0.472062 0.413202 0.018182 0.012694
0 0.338137 0.426690 0.018182 0.012377
1 0.383592 0.427007 0.019512 0.011742
1 0.427494 0.428118 0.018625 0.012694
1 0.471840 0.428277 0.017738 0.012377
1 0.337916 0.441447 0.017738 0.012694
0 0.383149 0.441447 0.017738 0.012694
1 0.427716 0.442241 0.017295 0.011742
1 0.471840 0.442399 0.017738 0.012694
1 0.337694 0.455570 0.017295 0.012377
1 0.427494 0.456046 0.018625 0.012694
1 0.383149 0.456046 0.018625 0.012694
0 0.471619 0.456998 0.018182 0.012694
1 0.338137 0.470327 0.018182 0.012694
1 0.383149 0.470327 0.018625 0.012694
1 0.427273 0.471279 0.017295 0.013329
0 0.471619 0.471120 0.018182 0.012377
1 0.337472 0.484925 0.018625 0.012694
0 0.382927 0.484925 0.018182 0.012694
1 0.471175 0.485243 0.018182 0.012694
1 0.427494 0.485401 0.017738 0.012377
1 0.382483 0.499207 0.018182 0.012694
1 0.427051 0.499207 0.018625 0.012694
1 0.337916 0.499207 0.019512 0.012694
0 0.470953 0.499841 0.016851 0.011425
1 0.382483 0.514123 0.018182 0.012694
1 0.470953 0.514757 0.017738 0.013329
1 0.427494 0.514757 0.017738 0.012694
0 0.337251 0.514599 0.017295 0.011742
1 0.338581 0.383529 0.018182 0.011742
0 0.427494 0.384322 0.018625 0.013329
1 0.383149 0.384481 0.018625 0.013646
1 0.472062 0.384640 0.018182 0.013329
1 0.338581 0.397652 0.018182 0.012694
1 0.383592 0.398604 0.017738 0.011425
1 0.472062 0.399238 0.018182 0.012694
0 0.427494 0.399238 0.018625 0.012694
0 0.338581 0.412726 0.017295 0.012377
1 0.383592 0.412726 0.018625 0.012377
1 0.427716 0.413520 0.018182 0.012694
1 0.472062 0.413202 0.018182 0.012694
1 0.338137 0.426690 0.018182 0.012377
0 0.383592 0.427007 0.019512 0.011742
1 0.427494 0.428118 0.018625 0.012694
1 0.471840 0.428277 0.017738 0.012377
1 0.337916 0.441447 0.017738 0.012694
0 0.383149 0.441447 0.017738 0.012694
1 0.427716 0.442241 0.017295 0.011742
1 0.471840 0.442399 0.017738 0.012694
1 0.337694 0.455570 0.017295 0.012377
1 0.427494 0.456046 0.018625 0.012694
1 0.383149 0.456046 0.018625 0.012694
0 0.471619 0.456998 0.018182 0.012694
0 0.338137 0.470327 0.018182 0.012694
1 0.383149 0.470327 0.018625 0.012694
1 0.427273 0.471279 0.017295 0.013329
1 0.471619 0.471120 0.018182 0.012377
0 0.337472 0.484925 0.018625 0.012694
1 0.382927 0.484925 0.018182 0.012694
1 0.471175 0.485243 0.018182 0.012694
1 0.427494 0.485401 0.017738 0.012377
1 0.382483 0.499207 0.018182 0.012694
1 0.427051 0.499207 0.018625 0.012694
0 0.337916 0.499207 0.019512 0.012694
1 0.470953 0.499841 0.016851 0.011425
0 0.382483 0.514123 0.018182 0.012694
1 0.470953 0.514757 0.017738 0.013329
1 0.427494 0.514757 0.017738 0.012694
1 0.337251 0.514599 0.017295 0.011742
1 0.527494 0.357823 0.019069 0.002222
0 0.596009 0.384481 0.018625 0.013012
1 0.639468 0.384481 0.016851 0.012377
1 0.551441 0.384481 0.018182 0.013012
1 0.684257 0.384640 0.018625 0.012694
1 0.639690 0.399080 0.018182 0.012377
1 0.552106 0.398921 0.018625 0.012060
0 0.595344 0.399238 0.018182 0.012060
1 0.684257 0.399238 0.018625 0.012060
1 0.595565 0.413678 0.018625 0.013012
1 0.550998 0.413678 0.018182 0.013012
0 0.640355 0.413678 0.018625 0.012377
1 0.684922 0.413837 0.017295 0.012060
1 0.550998 0.427642 0.018182 0.012377
1 0.639246 0.428118 0.018182 0.012060
0 0.595565 0.428118 0.018625 0.012060
1 0.684035 0.428435 0.018182 0.012060
1 0.594900 0.441923 0.018182 0.012377
0 0.551441 0.442241 0.017295 0.012377
1 0.639246 0.442241 0.018182 0.012377
1 0.683814 0.442717 0.018625 0.012060
1 0.551220 0.456522 0.018625 0.013012
0 0.595565 0.456839 0.018625 0.012377
1 0.639468 0.456998 0.016851 0.012060
1 0.683370 0.457315 0.018625 0.012060
1 0.638803 0.471438 0.018182 0.012377
1 0.595565 0.471438 0.018625 0.013012
0 0.550333 0.471438 0.018625 0.013012
1 0.683370 0.471596 0.018625 0.012060
1 0.639024 0.485719 0.018625 0.012377
1 0.550776 0.485719 0.018625 0.012377
0 0.595122 0.485877 0.016851 0.012060
1 0.682927 0.486354 0.018625 0.012377
1 0.594900 0.500317 0.017295 0.012377
1 0.549889 0.500317 0.018625 0.013012
0 0.638581 0.500317 0.018625 0.012377
1 0.682927 0.500793 0.016851 0.012060
1 0.550111 0.514599 0.017295 0.012377
1 0.594235 0.514916 0.018625 0.013012
1 0.638359 0.514916 0.018182 0.013012
0 0.683149 0.515233 0.018182 0.013012
0 0.596009 0.384481 0.018625 0.013012
1 0.639468 0.384481 0.016851 0.012377
1 0.551441 0.384481 0.018182 0.013012
1 0.684257 0.384640 0.018625 0.012694
1 0.639690 0.399080 0.018182 0.012377
1 0.552106 0.398921 0.018625 0.012060
0 0.595344 0.399238 0.018182 0.012060
1 0.684257 0.399238 0.018625 0.012060
1 0.595565 0.413678 0.018625 0.013012
1 0.550998 0.413678 0.018182 0.013012
1 0.640355 0.413678 0.018625 0.012377
0 0.684922 0.413837 0.017295 0.012060
1 0.550998 0.427642 0.018182 0.012377
0 0.639246 0.428118 0.018182 0.012060
1 0.595565 0.428118 0.018625 0.012060
1 0.684035 0.428435 0.018182 0.012060
0 0.594900 0.441923 0.018182 0.012377
1 0.551441 0.442241 0.017295 0.012377
1 0.639246 0.442241 0.018182 0.012377
1 0.683814 0.442717 0.018625 0.012060
0 0.551220 0.456522 0.018625 0.013012
1 0.595565 0.456839 0.018625 0.012377
1 0.639468 0.456998 0.016851 0.012060
1 0.683370 0.457315 0.018625 0.012060
1 0.638803 0.471438 0.018182 0.012377
0 0.595565 0.471438 0.018625 0.013012
1 0.550333 0.471438 0.018625 0.013012
1 0.683370 0.471596 0.018625 0.012060
1 0.639024 0.485719 0.018625 0.012377
0 0.550776 0.485719 0.018625 0.012377
1 0.595122 0.485877 0.016851 0.012060
1 0.682927 0.486354 0.018625 0.012377
1 0.594900 0.500317 0.017295 0.012377
1 0.549889 0.500317 0.018625 0.013012
0 0.638581 0.500317 0.018625 0.012377
1 0.682927 0.500793 0.016851 0.012060
1 0.550111 0.514599 0.017295 0.012377
0 0.594235 0.514916 0.018625 0.013012
1 0.638359 0.514916 0.018182 0.013012
1 0.683149 0.515233 0.018182 0.013012
1 0.764080 0.384640 0.017738 0.012694
1 0.809091 0.386068 0.017295 0.012377
1 0.853215 0.385751 0.018625 0.013012
0 0.898891 0.386385 0.018625 0.013012
0 0.763636 0.400032 0.017738 0.012377
1 0.808647 0.400349 0.018182 0.013012
1 0.853215 0.400666 0.018625 0.012377
1 0.898670 0.401142 0.017295 0.012060
1 0.763415 0.414630 0.017295 0.012377
0 0.808426 0.414948 0.017738 0.012377
1 0.852772 0.415265 0.018625 0.012377
1 0.898670 0.415582 0.018182 0.013012
1 0.808204 0.428753 0.018182 0.012060
0 0.852772 0.429546 0.018625 0.013012
1 0.763636 0.429546 0.017738 0.012377
1 0.898004 0.429864 0.018625 0.012377
1 0.763858 0.443034 0.018182 0.012694
1 0.808204 0.443827 0.018182 0.012377
0 0.852772 0.444303 0.016851 0.012060
1 0.898226 0.444145 0.018182 0.012377
1 0.763415 0.457632 0.018182 0.012694
1 0.808204 0.458109 0.018182 0.012377
1 0.853437 0.458426 0.018182 0.012377
0 0.897561 0.459537 0.017738 0.012060
0 0.763415 0.471914 0.018182 0.012694
1 0.808204 0.472231 0.018182 0.012694
1 0.852772 0.472548 0.018625 0.012060
1 0.897118 0.473659 0.016851 0.012377
0 0.762971 0.486512 0.018182 0.012694
1 0.808204 0.487147 0.017295 0.012060
1 0.852993 0.487623 0.018182 0.013012
1 0.897783 0.487940 0.018182 0.012377
0 0.763193 0.501111 0.017738 0.012694
1 0.807761 0.501111 0.017295 0.012060
1 0.897339 0.502539 0.018182 0.012377
1 0.852328 0.502539 0.016851 0.012377
1 0.762971 0.515709 0.017295 0.012060
1 0.807982 0.516027 0.017738 0.013329
1 0.852993 0.516820 0.018182 0.013012
0 0.897118 0.517137 0.017738 0.012377
0 0.764080 0.384640 0.017738 0.012694
1 0.809091 0.386068 0.017295 0.012377
1 0.853215 0.385751 0.018625 0.013012
1 0.898891 0.386385 0.018625 0.013012
1 0.763636 0.400032 0.017738 0.012377
1 0.808647 0.400349 0.018182 0.013012
0 0.853215 0.400666 0.018625 0.012377
1 0.898670 0.401142 0.017295 0.012060
0 0.763415 0.414630 0.017295 0.012377
1 0.808426 0.414948 0.017738 0.012377
1 0.852772 0.415265 0.018625 0.012377
1 0.898670 0.415582 0.018182 0.013012
1 0.808204 0.428753 0.018182 0.012060
0 0.852772 0.429546 0.018625 0.013012
1 0.763636 0.429546 0.017738 0.012377
1 0.898004 0.429864 0.018625 0.012377
1 0.763858 0.443034 0.018182 0.012694
1 0.808204 0.443827 0.018182 0.012377
1 0.852772 0.444303 0.016851 0.012060
0 0.898226 0.444145 0.018182 0.012377
1 0.763415 0.457632 0.018182 0.012694
1 0.808204 0.458109 0.018182 0.012377
1 0.853437 0.458426 0.018182 0.012377
0 0.897561 0.459537 0.017738 0.012060
1 0.763415 0.471914 0.018182 0.012694
0 0.808204 0.472231 0.018182 0.012694
1 0.852772 0.472548 0.018625 0.012060
1 0.897118 0.473659 0.016851 0.012377
1 0.762971 0.486512 0.018182 0.012694
0 0.808204 0.487147 0.017295 0.012060
1 0.852993 0.487623 0.018182 0.013012
1 0.897783 0.487940 0.018182 0.012377
0 0.763193 0.501111 0.017738 0.012694
1 0.807761 0.501111 0.017295 0.012060
1 0.897339 0.502539 0.018182 0.012377
1 0.852328 0.502539 0.016851 0.012377
1 0.762971 0.515709 0.017295 0.012060
1 0.807982 0.516027 0.017738 0.013329
0 0.852993 0.516820 0.018182 0.013012
1 0.897118 0.517137 0.017738 0.012377
0 0.119512 0.601555 0.019069 0.013012
1 0.164523 0.601396 0.017738 0.012694
0 0.209313 0.601396 0.017738 0.013329
1 0.254767 0.601238 0.019069 0.013012
1 0.119290 0.616630 0.018625 0.012694
0 0.164302 0.616154 0.019069 0.013012
0 0.209534 0.615678 0.019069 0.012694
1 0.254545 0.616312 0.018625 0.012694
0 0.119290 0.631228 0.018625 0.012694
1 0.164302 0.631228 0.019069 0.012694
0 0.209534 0.631070 0.019069 0.013012
1 0.254545 0.630911 0.017738 0.012694
0 0.119290 0.645668 0.018625 0.011108
1 0.163636 0.645509 0.018625 0.012060
1 0.209313 0.645509 0.018625 0.012694
0 0.254324 0.645192 0.019069 0.012694
1 0.119512 0.601555 0.019069 0.013012
0 0.164523 0.601396 0.017738 0.012694
1 0.209313 0.601396 0.017738 0.013329
0 0.254767 0.601238 0.019069 0.013012
0 0.119290 0.616630 0.018625 0.012694
1 0.164302 0.616154 0.019069 0.013012
0 0.209534 0.615678 0.019069 0.012694
1 0.254545 0.616312 0.018625 0.012694
1 0.119290 0.631228 0.018625 0.012694
0 0.164302 0.631228 0.019069 0.012694
0 0.209534 0.631070 0.019069 0.013012
1 0.254545 0.630911 0.017738 0.012694
0 0.119290 0.645668 0.018625 0.011108
1 0.163636 0.645509 0.018625 0.012060
1 0.209313 0.645509 0.018625 0.012694
0 0.254324 0.645192 0.019069 0.012694
0 0.336585 0.600762 0.018625 0.012694
1 0.381818 0.600286 0.018625 0.012377
1 0.425277 0.599810 0.018625 0.012694
0 0.470288 0.600920 0.018182 0.012377
1 0.336142 0.615995 0.016851 0.011425
0 0.381818 0.615043 0.018625 0.012694
1 0.425277 0.615202 0.018625 0.012377
0 0.470288 0.615836 0.017295 0.012377
1 0.335698 0.630276 0.015965 0.012694
0 0.380931 0.629641 0.018625 0.012694
0 0.425055 0.629324 0.017295 0.012694
1 0.470288 0.629641 0.017295 0.012694
0 0.334812 0.644557 0.018625 0.012694
1 0.379823 0.645033 0.017295 0.012377
1 0.424834 0.645033 0.018625 0.012377
0 0.469845 0.644557 0.018182 0.012694
0 0.336585 0.600762 0.018625 0.012694
1 0.381818 0.600286 0.018625 0.012377
0 0.425277 0.599810 0.018625 0.012694
1 0.470288 0.600920 0.018182 0.012377
1 0.336142 0.615995 0.016851 0.011425
0 0.381818 0.615043 0.018625 0.012694
0 0.425277 0.615202 0.018625 0.012377
1 0.470288 0.615836 0.017295 0.012377
0 0.335698 0.630276 0.015965 0.012694
1 0.380931 0.629641 0.018625 0.012694
0 0.425055 0.629324 0.017295 0.012694
1 0.470288 0.629641 0.017295 0.012694
1 0.334812 0.644557 0.018625 0.012694
0 0.379823 0.645033 0.017295 0.012377
1 0.424834 0.645033 0.018625 0.012377
0 0.469845 0.644557 0.018182 0.012694
1 0.549667 0.600127 0.018182 0.013329
0 0.593570 0.600286 0.018182 0.013012
0 0.637916 0.600762 0.018182 0.012694
1 0.683149 0.601396 0.017295 0.012694
1 0.549667 0.615360 0.018182 0.012694
0 0.592905 0.615519 0.016851 0.012377
0 0.637916 0.615360 0.018182 0.012694
1 0.682483 0.616154 0.016851 0.012377
1 0.549446 0.630117 0.016851 0.012377
0 0.593570 0.629800 0.018182 0.013012
1 0.637694 0.630752 0.016851 0.013012
0 0.682705 0.630435 0.018182 0.013012
1 0.549446 0.645509 0.016851 0.012694
0 0.593570 0.644557 0.018182 0.012694
1 0.637694 0.645827 0.015965 0.012694
0 0.682705 0.645509 0.018182 0.012694
1 0.549667 0.600127 0.018182 0.013329
0 0.593570 0.600286 0.018182 0.013012
1 0.637916 0.600762 0.018182 0.012694
0 0.683149 0.601396 0.017295 0.012694
1 0.549667 0.615360 0.018182 0.012694
0 0.592905 0.615519 0.016851 0.012377
0 0.637916 0.615360 0.018182 0.012694
1 0.682483 0.616154 0.016851 0.012377
1 0.549446 0.630117 0.016851 0.012377
0 0.593570 0.629800 0.018182 0.013012
0 0.637694 0.630752 0.016851 0.013012
1 0.682705 0.630435 0.018182 0.013012
0 0.549446 0.645509 0.016851 0.012694
1 0.593570 0.644557 0.018182 0.012694
1 0.637694 0.645827 0.015965 0.012694
0 0.682705 0.645509 0.018182 0.012694
0 0.762971 0.602031 0.017295 0.012694
1 0.807317 0.602031 0.017295 0.013329
0 0.852106 0.603301 0.017295 0.013329
1 0.896896 0.602825 0.017295 0.012377
1 0.762528 0.616154 0.017295 0.012377
0 0.806874 0.617106 0.017295 0.012377
1 0.851220 0.617264 0.017295 0.012060
0 0.895787 0.617423 0.017738 0.011742
0 0.762084 0.631704 0.017295 0.012377
1 0.807317 0.631863 0.017295 0.013329
1 0.851441 0.631546 0.017738 0.012694
0 0.895787 0.632339 0.016851 0.012377
1 0.762528 0.645351 0.017295 0.012377
0 0.806874 0.647096 0.017295 0.012694
1 0.851663 0.646303 0.016408 0.012377
0 0.895565 0.646937 0.017295 0.012377
0 0.762971 0.602031 0.017295 0.012694
1 0.807317 0.602031 0.017295 0.013329
1 0.852106 0.603301 0.017295 0.013329
0 0.896896 0.602825 0.017295 0.012377
0 0.762528 0.616154 0.017295 0.012377
1 0.806874 0.617106 0.017295 0.012377
0 0.851220 0.617264 0.017295 0.012060
1 0.895787 0.617423 0.017738 0.011742
0 0.762084 0.631704 0.017295 0.012377
1 0.807317 0.631863 0.017295 0.013329
0 0.851441 0.631546 0.017738 0.012694
1 0.895787 0.632339 0.016851 0.012377
1 0.762528 0.645351 0.017295 0.012377
0 0.806874 0.647096 0.017295 0.012694
0 0.851663 0.646303 0.016408 0.012377
1 0.895565 0.646937 0.017295 0.012377
1 0.116408 0.734370 0.016408 0.012060
0 0.115521 0.763884 0.018182 0.012694
1 0.115521 0.793082 0.018182 0.012694
1 0.115521 0.807680 0.018182 0.012694
1 0.115521 0.822120 0.018182 0.012377
1 0.115521 0.836242 0.018182 0.012694
1 0.115521 0.850841 0.018182 0.012694
1 0.115521 0.864964 0.018182 0.012377
1 0.115965 0.778642 0.018182 0.012377
1 0.115965 0.879721 0.018182 0.012060
1 0.116408 0.893526 0.018182 0.012377
1 0.137251 0.763884 0.018182 0.012694
1 0.137251 0.778642 0.018182 0.012377
1 0.137251 0.792923 0.018182 0.012377
1 0.137251 0.822120 0.018182 0.012377
1 0.138137 0.749286 0.018182 0.012694
1 0.138137 0.807680 0.018182 0.012694
1 0.138137 0.836242 0.017295 0.012694
1 0.138137 0.850841 0.016408 0.012694
1 0.138137 0.864964 0.018182 0.012377
0 0.138581 0.879721 0.018182 0.012060
1 0.138581 0.893843 0.018182 0.012377
1 0.158537 0.749445 0.017295 0.012377
1 0.158537 0.778166 0.018182 0.012694
1 0.158537 0.793240 0.018182 0.012377
1 0.158537 0.807680 0.018182 0.012060
1 0.158537 0.821803 0.018182 0.012377
1 0.158537 0.836560 0.018182 0.012060
1 0.158537 0.851158 0.018182 0.012060
1 0.158537 0.763884 0.017295 0.012694
1 0.159424 0.864964 0.017295 0.011742
0 0.159424 0.879403 0.018182 0.012694
1 0.159424 0.893843 0.018182 0.012377
1 0.178936 0.822437 0.018182 0.012377
1 0.178936 0.763726 0.018182 0.013012
1 0.179823 0.778959 0.017295 0.011742
1 0.179823 0.793399 0.018182 0.012694
1 0.179823 0.807680 0.018182 0.012060
1 0.179823 0.836560 0.018182 0.012694
1 0.179823 0.851158 0.018182 0.012060
1 0.179823 0.864964 0.018182 0.011742
1 0.179823 0.879403 0.018182 0.012694
0 0.180710 0.893843 0.018182 0.012377
1 0.116408 0.734370 0.016408 0.012060
1 0.115521 0.763884 0.018182 0.012694
1 0.115521 0.793082 0.018182 0.012694
1 0.115521 0.807680 0.018182 0.012694
0 0.115521 0.822120 0.018182 0.012377
1 0.115521 0.836242 0.018182 0.012694
1 0.115521 0.850841 0.018182 0.012694
1 0.115521 0.864964 0.018182 0.012377
1 0.115965 0.749127 0.018182 0.012377
1 0.115965 0.778642 0.018182 0.012377
1 0.115965 0.879721 0.018182 0.012060
1 0.116408 0.893526 0.018182 0.012377
1 0.137251 0.763884 0.018182 0.012694
1 0.137251 0.778642 0.018182 0.012377
1 0.137251 0.792923 0.018182 0.012377
1 0.137251 0.822120 0.018182 0.012377
1 0.138137 0.749286 0.018182 0.012694
1 0.138137 0.807680 0.018182 0.012694
1 0.138137 0.836242 0.017295 0.012694
1 0.138137 0.850841 0.016408 0.012694
1 0.138137 0.864964 0.018182 0.012377
0 0.138581 0.879721 0.018182 0.012060
1 0.138581 0.893843 0.018182 0.012377
1 0.158537 0.749445 0.017295 0.012377
1 0.158537 0.778166 0.018182 0.012694
1 0.158537 0.793240 0.018182 0.012377
1 0.158537 0.807680 0.018182 0.012060
1 0.158537 0.821803 0.018182 0.012377
1 0.158537 0.836560 0.018182 0.012060
0 0.158537 0.851158 0.018182 0.012060
1 0.158537 0.763884 0.017295 0.012694
1 0.159424 0.864964 0.017295 0.011742
1 0.159424 0.879403 0.018182 0.012694
1 0.159424 0.893843 0.018182 0.012377
1 0.178936 0.749445 0.016408 0.011742
1 0.178936 0.822437 0.018182 0.012377
0 0.178936 0.763726 0.018182 0.013012
1 0.179823 0.778959 0.017295 0.011742
1 0.179823 0.793399 0.018182 0.012694
1 0.179823 0.807680 0.018182 0.012060
1 0.179823 0.836560 0.018182 0.012694
1 0.179823 0.851158 0.018182 0.012060
1 0.179823 0.864964 0.018182 0.011742
1 0.179823 0.879403 0.018182 0.012694
1 0.180710 0.893843 0.018182 0.012377
1 0.261197 0.734846 0.018625 0.013012
1 0.259867 0.808315 0.018625 0.012694
1 0.260754 0.764519 0.018625 0.012694
1 0.260754 0.778959 0.018625 0.012377
1 0.260754 0.794034 0.018625 0.012694
1 0.260754 0.822437 0.018625 0.012377
1 0.260754 0.865440 0.018625 0.012694
1 0.260976 0.837195 0.019069 0.012694
1 0.260976 0.880038 0.018182 0.012694
1 0.260976 0.893843 0.018182 0.012377
0 0.261197 0.851158 0.018625 0.012694
1 0.281375 0.794034 0.017295 0.012694
1 0.281818 0.749445 0.019069 0.013012
1 0.281818 0.764519 0.019069 0.012694
0 0.281818 0.779435 0.018182 0.012694
1 0.281818 0.822279 0.018182 0.012694
1 0.281818 0.836560 0.018182 0.012694
1 0.281818 0.864964 0.018182 0.012377
1 0.281818 0.807521 0.016408 0.011742
1 0.282040 0.893843 0.018625 0.011742
1 0.282262 0.851000 0.017295 0.012377
1 0.282262 0.880038 0.017295 0.012694
1 0.302661 0.778483 0.018182 0.012694
1 0.302661 0.794034 0.019069 0.012694
1 0.302661 0.822279 0.018182 0.012694
0 0.303326 0.764519 0.018625 0.012694
1 0.303326 0.807680 0.018625 0.012694
1 0.303104 0.837195 0.017295 0.012694
1 0.303326 0.850841 0.018625 0.012694
1 0.303326 0.865440 0.018625 0.012694
1 0.303769 0.749921 0.019512 0.012694
1 0.303548 0.880038 0.017295 0.012694
1 0.303548 0.893685 0.016408 0.011425
1 0.324169 0.793399 0.018625 0.012694
1 0.324169 0.822279 0.018625 0.012694
1 0.324390 0.808315 0.017295 0.012694
1 0.324390 0.851317 0.017295 0.012377
1 0.324390 0.865598 0.017295 0.012377
1 0.324390 0.764519 0.018182 0.012694
1 0.324390 0.779118 0.018182 0.012694
1 0.324390 0.837195 0.018182 0.012694
0 0.324390 0.893526 0.018182 0.011742
1 0.324612 0.879086 0.016851 0.011425
1 0.261197 0.734846 0.018625 0.013012
1 0.259867 0.808315 0.018625 0.012694
1 0.260754 0.764519 0.018625 0.012694
1 0.260754 0.778959 0.018625 0.012377
1 0.260754 0.794034 0.018625 0.012694
1 0.260754 0.822437 0.018625 0.012377
1 0.260754 0.865440 0.018625 0.012694
1 0.260976 0.837195 0.019069 0.012694
1 0.260976 0.880038 0.018182 0.012694
1 0.260976 0.893843 0.018182 0.012377
0 0.261197 0.851158 0.018625 0.012694
1 0.281375 0.794034 0.017295 0.012694
1 0.281818 0.749445 0.019069 0.013012
1 0.281818 0.764519 0.019069 0.012694
0 0.281818 0.779435 0.018182 0.012694
1 0.281818 0.822279 0.018182 0.012694
1 0.281818 0.836560 0.018182 0.012694
1 0.281818 0.864964 0.018182 0.012377
1 0.281818 0.807521 0.016408 0.011742
1 0.282040 0.893843 0.018625 0.011742
1 0.282262 0.851000 0.017295 0.012377
1 0.282262 0.880038 0.017295 0.012694
1 0.302661 0.778483 0.018182 0.012694
1 0.302661 0.794034 0.019069 0.012694
1 0.302661 0.822279 0.018182 0.012694
1 0.303326 0.764519 0.018625 0.012694
1 0.303326 0.807680 0.018625 0.012694
1 0.303104 0.837195 0.017295 0.012694
0 0.303326 0.850841 0.018625 0.012694
1 0.303326 0.865440 0.018625 0.012694
1 0.303769 0.749921 0.019512 0.012694
1 0.303548 0.880038 0.017295 0.012694
1 0.303548 0.893685 0.016408 0.011425
1 0.324169 0.793399 0.018625 0.012694
1 0.324169 0.822279 0.018625 0.012694
1 0.324390 0.808315 0.017295 0.012694
1 0.324390 0.851317 0.017295 0.012377
1 0.324390 0.865598 0.017295 0.012377
0 0.324390 0.764519 0.018182 0.012694
1 0.324390 0.779118 0.018182 0.012694
1 0.324390 0.837195 0.018182 0.012694
1 0.324390 0.893526 0.018182 0.011742
1 0.324612 0.879086 0.016851 0.011425
0 0.405543 0.734211 0.018182 0.013012
1 0.404213 0.837036 0.018182 0.012377
0 0.404213 0.851476 0.018182 0.012060
1 0.404213 0.893526 0.018182 0.013012
1 0.404656 0.865122 0.017295 0.012060
1 0.404656 0.807839 0.018182 0.013012
1 0.404656 0.822437 0.018182 0.012377
1 0.404656 0.879403 0.018182 0.012060
1 0.405322 0.778324 0.019512 0.013012
1 0.405322 0.792923 0.019512 0.012377
1 0.405543 0.763726 0.019069 0.013012
1 0.425942 0.793240 0.018182 0.013012
1 0.425942 0.807839 0.017295 0.012377
1 0.425942 0.821961 0.018182 0.012060
1 0.425942 0.836719 0.018182 0.013012
1 0.425942 0.850682 0.018182 0.012377
1 0.425942 0.865122 0.018182 0.012060
1 0.425942 0.879403 0.018182 0.012060
0 0.425942 0.893050 0.018182 0.012060
1 0.426829 0.748810 0.017295 0.012377
1 0.426829 0.763091 0.018182 0.013012
1 0.426829 0.778324 0.018182 0.012377
1 0.446341 0.792923 0.018182 0.013012
1 0.446341 0.821803 0.018182 0.012377
1 0.446341 0.836719 0.017295 0.013012
1 0.446341 0.851476 0.018182 0.012060
1 0.446341 0.865122 0.018182 0.012060
1 0.446341 0.879403 0.018182 0.012060
1 0.446341 0.893685 0.018182 0.012060
1 0.447007 0.807521 0.019512 0.013012
0 0.447228 0.763726 0.018182 0.013012
1 0.447228 0.778166 0.018182 0.012060
1 0.447672 0.748651 0.017295 0.012060
1 0.466741 0.879403 0.018182 0.012060
1 0.466741 0.893050 0.018182 0.012060
1 0.466741 0.865122 0.017295 0.012060
1 0.467627 0.763726 0.018182 0.013012
1 0.467627 0.778324 0.018182 0.012377
1 0.467627 0.807363 0.017295 0.012060
0 0.467627 0.822120 0.018182 0.013012
1 0.467627 0.836242 0.018182 0.012060
1 0.467627 0.850841 0.018182 0.012060
1 0.467627 0.792923 0.017295 0.013012
0 0.405543 0.734211 0.018182 0.013012
1 0.404213 0.837036 0.018182 0.012377
1 0.404213 0.851476 0.018182 0.012060
1 0.404213 0.893526 0.018182 0.013012
1 0.404656 0.865122 0.017295 0.012060
1 0.404656 0.807839 0.018182 0.013012
0 0.404656 0.822437 0.018182 0.012377
1 0.404656 0.879403 0.018182 0.012060
1 0.405322 0.778324 0.019512 0.013012
1 0.405322 0.792923 0.019512 0.012377
1 0.405543 0.763726 0.019069 0.013012
1 0.425942 0.793240 0.018182 0.013012
1 0.425942 0.807839 0.017295 0.012377
1 0.425942 0.821961 0.018182 0.012060
1 0.425942 0.836719 0.018182 0.013012
1 0.425942 0.850682 0.018182 0.012377
1 0.425942 0.865122 0.018182 0.012060
0 0.425942 0.879403 0.018182 0.012060
1 0.425942 0.893050 0.018182 0.012060
1 0.426829 0.748810 0.017295 0.012377
1 0.426829 0.763091 0.018182 0.013012
1 0.426829 0.778324 0.018182 0.012377
1 0.446341 0.792923 0.018182 0.013012
1 0.446341 0.821803 0.018182 0.012377
1 0.446341 0.836719 0.017295 0.013012
1 0.446341 0.851476 0.018182 0.012060
1 0.446341 0.865122 0.018182 0.012060
0 0.446341 0.879403 0.018182 0.012060
1 0.446341 0.893685 0.018182 0.012060
1 0.447007 0.807521 0.019512 0.013012
1 0.447228 0.763726 0.018182 0.013012
1 0.447228 0.778166 0.018182 0.012060
1 0.447672 0.748651 0.017295 0.012060
1 0.466741 0.879403 0.018182 0.012060
1 0.466741 0.893050 0.018182 0.012060
1 0.466741 0.865122 0.017295 0.012060
1 0.467627 0.763726 0.018182 0.013012
1 0.467627 0.778324 0.018182 0.012377
0 0.467627 0.807363 0.017295 0.012060
1 0.467627 0.822120 0.018182 0.013012
1 0.467627 0.836242 0.018182 0.012060
1 0.467627 0.850841 0.018182 0.012060
1 0.467627 0.792923 0.017295 0.013012
1 0.548780 0.734370 0.017295 0.013964
1 0.546563 0.878927 0.017295 0.013012
1 0.546563 0.893209 0.017295 0.012377
1 0.546563 0.864805 0.019069 0.012694
1 0.547007 0.836084 0.018182 0.012377
1 0.547007 0.850206 0.018182 0.012694
1 0.547007 0.807680 0.017295 0.012694
1 0.547894 0.821644 0.018182 0.013329
1 0.547894 0.778007 0.018182 0.013012
0 0.547894 0.792606 0.017295 0.012377
1 0.548780 0.763250 0.019069 0.013329
1 0.566962 0.893209 0.017295 0.011742
1 0.567406 0.878927 0.017295 0.013012
1 0.567406 0.821644 0.017295 0.013329
1 0.567406 0.850365 0.017295 0.013012
1 0.568293 0.836242 0.017295 0.012060
1 0.568293 0.864646 0.017295 0.012377
1 0.568293 0.807680 0.017295 0.012694
1 0.569180 0.748175 0.017295 0.013012
1 0.569180 0.763250 0.017295 0.013329
0 0.569180 0.777848 0.018182 0.012694
1 0.569180 0.792764 0.019069 0.012694
1 0.587361 0.893367 0.017295 0.012694
1 0.587805 0.864487 0.017295 0.012694
1 0.587805 0.878451 0.017295 0.012694
1 0.588692 0.821168 0.017295 0.012377
0 0.588692 0.849889 0.017295 0.012694
1 0.588692 0.807680 0.017295 0.012694
1 0.588692 0.835132 0.017295 0.013012
1 0.589579 0.792764 0.017295 0.012694
1 0.590022 0.763250 0.017295 0.013329
1 0.590466 0.748175 0.017295 0.013012
1 0.590466 0.778007 0.017295 0.012377
1 0.608204 0.893367 0.017295 0.012694
1 0.608204 0.864487 0.017295 0.012694
1 0.609091 0.821644 0.017295 0.012694
1 0.609091 0.836242 0.017295 0.012694
1 0.609091 0.850206 0.016408 0.012060
0 0.609091 0.878769 0.018182 0.012694
1 0.609978 0.807680 0.017295 0.012694
1 0.610421 0.778007 0.017295 0.011742
1 0.610421 0.792764 0.017295 0.012694
1 0.610865 0.763250 0.018182 0.013329
0 0.548780 0.734370 0.017295 0.013964
1 0.546563 0.878927 0.017295 0.013012
1 0.546563 0.893209 0.017295 0.012377
1 0.546563 0.864805 0.019069 0.012694
1 0.547007 0.836084 0.018182 0.012377
1 0.547007 0.850206 0.018182 0.012694
1 0.547007 0.807680 0.017295 0.012694
0 0.547894 0.821644 0.018182 0.013329
1 0.547894 0.778007 0.018182 0.013012
1 0.547894 0.792606 0.017295 0.012377
1 0.548780 0.763250 0.019069 0.013329
1 0.566962 0.893209 0.017295 0.011742
1 0.567406 0.878927 0.017295 0.013012
1 0.567406 0.821644 0.017295 0.013329
1 0.567406 0.850365 0.017295 0.013012
0 0.568293 0.836242 0.017295 0.012060
1 0.568293 0.864646 0.017295 0.012377
1 0.568293 0.807680 0.017295 0.012694
1 0.569180 0.748175 0.017295 0.013012
1 0.569180 0.763250 0.017295 0.013329
1 0.569180 0.777848 0.018182 0.012694
1 0.569180 0.792764 0.019069 0.012694
1 0.587361 0.893367 0.017295 0.012694
1 0.587805 0.864487 0.017295 0.012694
1 0.587805 0.878451 0.017295 0.012694
1 0.588692 0.821168 0.017295 0.012377
0 0.588692 0.849889 0.017295 0.012694
1 0.588692 0.807680 0.017295 0.012694
1 0.588692 0.835132 0.017295 0.013012
1 0.589579 0.792764 0.017295 0.012694
1 0.590022 0.763250 0.017295 0.013329
1 0.590466 0.748175 0.017295 0.013012
1 0.590466 0.778007 0.017295 0.012377
1 0.608204 0.893367 0.017295 0.012694
1 0.608204 0.864487 0.017295 0.012694
0 0.609091 0.821644 0.017295 0.012694
1 0.609091 0.836242 0.017295 0.012694
1 0.609091 0.850206 0.016408 0.012060
1 0.609091 0.878769 0.018182 0.012694
1 0.609978 0.807680 0.017295 0.012694
1 0.610421 0.778007 0.017295 0.011742
1 0.610421 0.792764 0.017295 0.012694
1 0.610865 0.763250 0.018182 0.013329
0 0.690687 0.734846 0.017295 0.013012
1 0.687583 0.893050 0.018182 0.012694
1 0.688027 0.864646 0.018182 0.012377
0 0.688027 0.878451 0.018182 0.012694
1 0.688027 0.835608 0.017295 0.012694
1 0.688914 0.807204 0.016408 0.011108
1 0.688914 0.850206 0.017295 0.012694
1 0.688914 0.821009 0.017295 0.012694
1 0.689800 0.778007 0.017295 0.012377
1 0.689800 0.792764 0.017295 0.012694
1 0.689800 0.763408 0.017295 0.013012
1 0.708426 0.892891 0.017295 0.012377
1 0.708426 0.850206 0.017295 0.012694
1 0.708426 0.878451 0.017295 0.012694
1 0.709313 0.864646 0.017295 0.012377
0 0.709313 0.835608 0.017295 0.012694
1 0.710200 0.792606 0.017295 0.012377
1 0.710200 0.807045 0.018182 0.012694
1 0.710200 0.821168 0.017295 0.012377
1 0.711086 0.749445 0.016408 0.012377
1 0.711086 0.763567 0.017295 0.012694
1 0.711086 0.778007 0.017295 0.012377
1 0.728825 0.878451 0.017295 0.012694
1 0.728825 0.893209 0.017295 0.012377
1 0.729712 0.850206 0.016408 0.012060
1 0.729712 0.864011 0.017295 0.012377
1 0.729712 0.807045 0.017295 0.012694
1 0.729712 0.821168 0.017295 0.012377
0 0.729712 0.835608 0.017295 0.012694
1 0.731042 0.792288 0.017295 0.012377
1 0.731486 0.778007 0.017295 0.012377
1 0.731486 0.763567 0.019069 0.012694
1 0.731929 0.748651 0.018182 0.012694
1 0.749224 0.892415 0.017295 0.012694
0 0.750111 0.849889 0.017295 0.012694
1 0.750111 0.864011 0.017295 0.012377
1 0.750111 0.878134 0.016408 0.012060
1 0.750998 0.820851 0.018182 0.012377
1 0.750998 0.835290 0.017295 0.012060
1 0.751441 0.807045 0.017295 0.012694
1 0.751885 0.792288 0.017295 0.012377
1 0.752328 0.777690 0.017295 0.012377
1 0.752328 0.763567 0.017295 0.012694
1 0.690687 0.734846 0.017295 0.013012
1 0.687583 0.893050 0.018182 0.012694
1 0.688027 0.864646 0.018182 0.012377
1 0.688027 0.878451 0.018182 0.012694
1 0.688027 0.835608 0.017295 0.012694
1 0.688914 0.807204 0.016408 0.011108
1 0.688914 0.850206 0.017295 0.012694
1 0.688914 0.821009 0.017295 0.012694
1 0.689800 0.778007 0.017295 0.012377
1 0.689800 0.792764 0.017295 0.012694
0 0.689800 0.763408 0.017295 0.013012
1 0.708426 0.892891 0.017295 0.012377
1 0.708426 0.850206 0.017295 0.012694
1 0.708426 0.878451 0.017295 0.012694
1 0.709313 0.864646 0.017295 0.012377
1 0.709313 0.835608 0.017295 0.012694
1 0.710200 0.792606 0.017295 0.012377
1 0.710200 0.807045 0.018182 0.012694
0 0.710200 0.821168 0.017295 0.012377
1 0.711086 0.749445 0.016408 0.012377
1 0.711086 0.763567 0.017295 0.012694
1 0.711086 0.778007 0.017295 0.012377
1 0.728825 0.878451 0.017295 0.012694
1 0.728825 0.893209 0.017295 0.012377
1 0.729712 0.850206 0.016408 0.012060
1 0.729712 0.864011 0.017295 0.012377
1 0.729712 0.807045 0.017295 0.012694
1 0.729712 0.821168 0.017295 0.012377
1 0.729712 0.835608 0.017295 0.012694
1 0.731042 0.792288 0.017295 0.012377
1 0.731486 0.778007 0.017295 0.012377
0 0.731486 0.763567 0.019069 0.012694
1 0.731929 0.748651 0.018182 0.012694
1 0.749224 0.892415 0.017295 0.012694
1 0.750111 0.849889 0.017295 0.012694
1 0.750111 0.864011 0.017295 0.012377
1 0.750111 0.878134 0.016408 0.012060
1 0.750998 0.820851 0.018182 0.012377
0 0.750998 0.835290 0.017295 0.012060
1 0.751441 0.807045 0.017295 0.012694
1 0.751885 0.792288 0.017295 0.012377
1 0.752328 0.777690 0.017295 0.012377
1 0.752328 0.763567 0.017295 0.012694
1 0.832373 0.734211 0.017738 0.013012
1 0.828825 0.879086 0.018625 0.012694
1 0.829268 0.849889 0.017738 0.012694
1 0.829268 0.864170 0.017738 0.012694
0 0.829268 0.893685 0.019512 0.013329
1 0.829047 0.821009 0.017295 0.012694
1 0.829047 0.835449 0.018182 0.013012
1 0.829933 0.806411 0.018182 0.012694
1 0.830599 0.792129 0.017738 0.012694
1 0.831042 0.763091 0.018625 0.013012
1 0.831042 0.777848 0.018625 0.012694
1 0.849446 0.864487 0.019069 0.012694
1 0.849446 0.878927 0.018182 0.012377
1 0.850111 0.849889 0.018625 0.012694
1 0.850111 0.894319 0.017738 0.013329
1 0.850554 0.835449 0.017738 0.012377
1 0.850333 0.806411 0.018182 0.012694
0 0.850333 0.821009 0.018182 0.013329
1 0.851441 0.791971 0.017738 0.012377
1 0.851220 0.778007 0.016408 0.012377
1 0.852328 0.763884 0.016851 0.012694
1 0.852106 0.748969 0.018182 0.013329
1 0.869845 0.894478 0.017295 0.013012
1 0.870510 0.850048 0.017738 0.013012
1 0.870510 0.864487 0.017738 0.012694
1 0.870953 0.821009 0.017738 0.012694
1 0.870953 0.835449 0.017738 0.012377
1 0.870953 0.878927 0.018625 0.013012
0 0.870732 0.806569 0.018182 0.013012
1 0.871840 0.791971 0.018625 0.012377
1 0.872284 0.778007 0.018625 0.012377
1 0.872506 0.763726 0.018182 0.013012
1 0.873171 0.748969 0.017738 0.012694
1 0.890909 0.879403 0.018625 0.012694
1 0.891796 0.821485 0.017738 0.012377
0 0.891796 0.835449 0.018625 0.013012
1 0.891796 0.850524 0.018625 0.012694
1 0.891796 0.864964 0.018625 0.013012
1 0.891796 0.894478 0.019512 0.013012
1 0.892683 0.792606 0.017738 0.012377
1 0.892683 0.807045 0.017738 0.012694
1 0.892905 0.763884 0.018182 0.012694
1 0.892905 0.778483 0.018182 0.012694
1 0.832373 0.734211 0.017738 0.013012
1 0.828825 0.879086 0.018625 0.012694
1 0.829268 0.849889 0.017738 0.012694
1 0.829268 0.864170 0.017738 0.012694
1 0.829268 0.893685 0.019512 0.013329
1 0.829047 0.821009 0.017295 0.012694
1 0.829047 0.835449 0.018182 0.013012
0 0.829933 0.806411 0.018182 0.012694
1 0.830599 0.792129 0.017738 0.012694
1 0.831042 0.763091 0.018625 0.013012
1 0.831042 0.777848 0.018625 0.012694
0 0.849446 0.864487 0.019069 0.012694
1 0.849446 0.878927 0.018182 0.012377
1 0.850111 0.849889 0.018625 0.012694
1 0.850111 0.894319 0.017738 0.013329
1 0.850554 0.835449 0.017738 0.012377
1 0.850333 0.806411 0.018182 0.012694
1 0.850333 0.821009 0.018182 0.013329
1 0.851441 0.791971 0.017738 0.012377
1 0.851220 0.778007 0.016408 0.012377
1 0.852328 0.763884 0.016851 0.012694
1 0.852106 0.748969 0.018182 0.013329
1 0.869845 0.894478 0.017295 0.013012
1 0.870510 0.850048 0.017738 0.013012
1 0.870510 0.864487 0.017738 0.012694
0 0.870953 0.821009 0.017738 0.012694
1 0.870953 0.835449 0.017738 0.012377
1 0.870953 0.878927 0.018625 0.013012
1 0.870732 0.806569 0.018182 0.013012
1 0.871840 0.791971 0.018625 0.012377
1 0.872284 0.778007 0.018625 0.012377
1 0.872506 0.763726 0.018182 0.013012
1 0.873171 0.748969 0.017738 0.012694
1 0.890909 0.879403 0.018625 0.012694
1 0.891796 0.821485 0.017738 0.012377
1 0.891796 0.835449 0.018625 0.013012
1 0.891796 0.850524 0.018625 0.012694
1 0.891796 0.864964 0.018625 0.013012
0 0.891796 0.894478 0.019512 0.013012
1 0.892683 0.792606 0.017738 0.012377
1 0.892683 0.807045 0.017738 0.012694
1 0.892905 0.763884 0.018182 0.012694
1 0.892905 0.778483 0.018182 0.012694
