0 0.42461198568344116 0.48000600934028625 0.018182000145316124 0.012377000413835049
0 0.12328200042247772 0.5956839919090271 0.01862500049173832 0.01332900021225214
0 0.7505540251731873 0.8914629817008972 0.018182000145316124 0.01332900021225214
0 0.7339249849319458 0.2342109978199005 0.015077999792993069 0.01078999973833561
0 0.8037689924240112 0.5107899904251099 0.018182000145316124 0.012377000413835049
0 0.12328200042247772 0.5956839919090271 0.01862500049173832 0.01332900021225214
0 0.8037689924240112 0.5107899904251099 0.018182000145316124 0.012377000413835049
0 0.12328200042247772 0.5956839919090271 0.01862500049173832 0.01332900021225214
0 0.7685139775276184 0.18406899273395538 0.015077999792993069 0.01078999973833561
0 0.42461198568344116 0.48000600934028625 0.018182000145316124 0.012377000413835049
0 0.8037689924240112 0.5107899904251099 0.018182000145316124 0.012377000413835049
0 0.12328200042247772 0.5956839919090271 0.01862500049173832 0.01332900021225214
0 0.8037689924240112 0.5107899904251099 0.018182000145316124 0.012377000413835049
0 0.12328200042247772 0.5956839919090271 0.01862500049173832 0.01332900021225214
0 0.12372499704360962 0.6099650263786316 0.01862500049173832 0.012694000266492367
0 0.7339249849319458 0.2342109978199005 0.015077999792993069 0.01078999973833561
0 0.7685139775276184 0.18406899273395538 0.015077999792993069 0.01078999973833561
0 0.8037689924240112 0.5107899904251099 0.018182000145316124 0.012377000413835049
0 0.16496700048446655 0.4079659879207611 0.01862500049173832 0.013012000359594822
0 0.8432369828224182 0.5157089829444885 0.019068999215960503 0.012694000266492367
0 0.5399109721183777 0.6424940228462219 0.018182000145316124 0.012377000413835049
0 0.6995570063591003 0.8056169748306274 0.018182000145316124 0.012377000413835049
0 0.7640799880027771 0.20263400673866272 0.015077999792993069 0.011107999831438065
0 0.7973390221595764 0.2880040109157562 0.015077999792993069 0.011107999831438065
0 0.2082040011882782 0.37892699241638184 0.018182000145316124 0.012694000266492367
0 0.2523280084133148 0.39384299516677856 0.01862500049173832 0.012694000266492367
0 0.1643020063638687 0.42240598797798157 0.018182000145316124 0.012694000266492367
0 0.1643020063638687 0.4516029953956604 0.018182000145316124 0.012694000266492367
0 0.12062100321054459 0.5092030167579651 0.01862500049173832 0.012377000413835049
0 0.3753879964351654 0.41002899408340454 0.018182000145316124 0.012694000266492367
0 0.4634149968624115 0.4247860014438629 0.01862500049173832 0.013646000064909458
0 0.46319299936294556 0.43970200419425964 0.018182000145316124 0.013646000064909458
0 0.3319289982318878 0.4677880108356476 0.019068999215960503 0.012694000266492367
0 0.418846994638443 0.5122179985046387 0.018182000145316124 0.012694000266492367
0 0.542572021484375 0.3816249966621399 0.018182000145316124 0.013646000064909458
0 0.6308199763298035 0.4120909869670868 0.018182000145316124 0.013012000359594822
0 0.6301550269126892 0.44113001227378845 0.01862500049173832 0.012694000266492367
0 0.674278974533081 0.47001001238822937 0.018182000145316124 0.012694000266492367
0 0.8004429936408997 0.3978100121021271 0.01862500049173832 0.013012000359594822
0 0.8445680141448975 0.41288501024246216 0.019068999215960503 0.012694000266492367
0 0.7532150149345398 0.48555999994277954 0.019068999215960503 0.012694000266492367
0 0.7977830171585083 0.5004760026931763 0.01862500049173832 0.012694000266492367
0 0.11929000169038773 0.5953670144081116 0.01773799955844879 0.012694000266492367
0 0.11906900256872177 0.6104410290718079 0.018182000145316124 0.012377000413835049
0 0.3303770124912262 0.5971119999885559 0.01773799955844879 0.013646000064909458
0 0.4184040129184723 0.5977470278739929 0.018182000145316124 0.013012000359594822
0 0.3749450147151947 0.6123449802398682 0.018182000145316124 0.013012000359594822
0 0.417959988117218 0.6415420174598694 0.018182000145316124 0.012377000413835049
0 0.5838140249252319 0.6136149764060974 0.018182000145316124 0.012377000413835049
0 0.5399109721183777 0.6424940228462219 0.018182000145316124 0.012377000413835049
0 0.6288250088691711 0.6432880163192749 0.01862500049173832 0.012694000266492367
0 0.8860309720039368 0.6037769913673401 0.01862500049173832 0.013646000064909458
0 0.7516630291938782 0.6450330018997192 0.01862500049173832 0.0117419995367527
0 0.8419070243835449 0.646619975566864 0.017294999212026596 0.012377000413835049
0 0.13813699781894684 0.7848299741744995 0.017294999212026596 0.012694000266492367
0 0.2585369944572449 0.7280229926109314 0.01773799955844879 0.01332900021225214
0 0.299778014421463 0.743573009967804 0.01773799955844879 0.01332900021225214
0 0.41906899213790894 0.7438910007476807 0.01773799955844879 0.012694000266492367
0 0.5361419916152954 0.8617900013923645 0.01773799955844879 0.012377000413835049
0 0.5793790221214294 0.7459539771080017 0.017294999212026596 0.0117419995367527
0 0.6796010136604309 0.7323070168495178 0.018182000145316124 0.013012000359594822
0 0.6995570063591003 0.8056169748306274 0.018182000145316124 0.012377000413835049
0 0.8212860226631165 0.763725996017456 0.01862500049173832 0.013012000359594822
0 0.8638579845428467 0.8532209992408752 0.01773799955844879 0.012377000413835049
0 0.7172949910163879 0.26785099506378174 0.015521000139415264 0.01078999973833561
0 0.7516630291938782 0.2510310113430023 0.015077999792993069 0.010156000033020973
0 0.7685139775276184 0.18406899273395538 0.015077999792993069 0.01078999973833561
0 0.7853659987449646 0.15042799711227417 0.015077999792993069 0.01078999973833561
0 0.8587579727172852 0.26927998661994934 0.015521000139415264 0.0117419995367527
0 0.8924610018730164 0.2870520055294037 0.013747000135481358 0.011107999831438065
0 0.257205992937088 0.3922559916973114 0.01862500049173832 0.012694000266492367
0 0.1241689994931221 0.4062199890613556 0.01862500049173832 0.012694000266492367
0 0.258092999458313 0.4358929991722107 0.01862500049173832 0.013012000359594822
0 0.16895799338817596 0.45033299922943115 0.01862500049173832 0.012694000266492367
0 0.12372499704360962 0.4941290020942688 0.01862500049173832 0.012694000266492367
0 0.21286000311374664 0.5090450048446655 0.01862500049173832 0.012694000266492367
0 0.4687359929084778 0.3933669924736023 0.01862500049173832 0.012377000413835049
0 0.4682930111885071 0.45176100730895996 0.01862500049173832 0.012377000413835049
0 0.33702901005744934 0.46540799736976624 0.01862500049173832 0.013012000359594822
0 0.42461198568344116 0.48000600934028625 0.018182000145316124 0.012377000413835049
0 0.6368070244789124 0.37924501299858093 0.01773799955844879 0.012694000266492367
0 0.6820399761199951 0.40812399983406067 0.01773799955844879 0.01332900021225214
0 0.6802660226821899 0.45255500078201294 0.01773799955844879 0.012694000266492367
0 0.6354770064353943 0.49571600556373596 0.01862500049173832 0.012694000266492367
0 0.8490020036697388 0.46747100353240967 0.018182000145316124 0.012059999629855156
0 0.8037689924240112 0.5107899904251099 0.018182000145316124 0.012377000413835049
0 0.12328200042247772 0.5956839919090271 0.01862500049173832 0.01332900021225214
0 0.2126390039920807 0.5950490236282349 0.018182000145316124 0.01332900021225214
0 0.12372499704360962 0.6099650263786316 0.01862500049173832 0.012694000266492367
0 0.16807100176811218 0.6242460012435913 0.01862500049173832 0.012694000266492367
0 0.257205992937088 0.6242460012435913 0.01862500049173832 0.012694000266492367
0 0.12372499704360962 0.639162003993988 0.01862500049173832 0.011424999684095383
0 0.257205992937088 0.639162003993988 0.01862500049173832 0.012059999629855156
0 0.380266010761261 0.6099650263786316 0.018182000145316124 0.012694000266492367
0 0.4678489863872528 0.6098060011863708 0.01773799955844879 0.012377000413835049
0 0.4239470064640045 0.6250399947166443 0.019511999562382698 0.013012000359594822
0 0.5913529992103577 0.6105999946594238 0.017294999212026596 0.012694000266492367
0 0.5474500060081482 0.6255159974098206 0.017294999212026596 0.012694000266492367
0 0.6354770064353943 0.6258329749107361 0.01862500049173832 0.012694000266492367
0 0.5463410019874573 0.639955997467041 0.01773799955844879 0.012377000413835049
0 0.6804879903793335 0.6407489776611328 0.017294999212026596 0.012694000266492367
0 0.8033260107040405 0.6112350225448608 0.019068999215960503 0.01332900021225214
0 0.8481150269508362 0.6118689775466919 0.017294999212026596 0.012694000266492367
0 0.8037689924240112 0.6409080028533936 0.018182000145316124 0.013012000359594822
0 0.8472279906272888 0.6415420174598694 0.018182000145316124 0.012377000413835049
0 0.12172900140285492 0.7269120216369629 0.017294999212026596 0.013012000359594822
0 0.14124199748039246 0.8305299878120422 0.018182000145316124 0.012694000266492367
0 0.3050999939441681 0.7418280243873596 0.01773799955844879 0.013012000359594822
0 0.3259420096874237 0.7567440271377563 0.01862500049173832 0.012377000413835049
0 0.42505499720573425 0.8887649774551392 0.017294999212026596 0.013012000359594822
0 0.46674099564552307 0.8006979823112488 0.017294999212026596 0.01332900021225214
0 0.5452330112457275 0.8587750196456909 0.018182000145316124 0.012694000266492367
0 0.5869179964065552 0.7423040270805359 0.017294999212026596 0.012694000266492367
0 0.607761025428772 0.8743259906768799 0.018182000145316124 0.012694000266492367
0 0.6875830292701721 0.7284989953041077 0.019068999215960503 0.013012000359594822
0 0.6875830292701721 0.7726119756698608 0.018182000145316124 0.012377000413835049
0 0.7086470127105713 0.8167250156402588 0.01773799955844879 0.012377000413835049
0 0.7294899821281433 0.8021259903907776 0.01773799955844879 0.013012000359594822
0 0.7505540251731873 0.8914629817008972 0.018182000145316124 0.01332900021225214
0 0.8299329876899719 0.8322749733924866 0.018182000145316124 0.012377000413835049
0 0.8496670126914978 0.7443670034408569 0.01862500049173832 0.013012000359594822
0 0.8929049968719482 0.8779749870300293 0.018182000145316124 0.012377000413835049
0 0.7139689922332764 0.15122200548648834 0.015077999792993069 0.011107999831438065
0 0.7640799880027771 0.20263400673866272 0.015077999792993069 0.011107999831438065
0 0.7973390221595764 0.2880040109157562 0.015077999792993069 0.011107999831438065
0 0.8558760285377502 0.18613100051879883 0.015077999792993069 0.011107999831438065
0 0.2082040011882782 0.37892699241638184 0.018182000145316124 0.012694000266492367
0 0.2523280084133148 0.39384299516677856 0.01862500049173832 0.012694000266492367
0 0.16496700048446655 0.4079659879207611 0.01862500049173832 0.013012000359594822
0 0.1643020063638687 0.42240598797798157 0.018182000145316124 0.012694000266492367
0 0.2082040011882782 0.43748000264167786 0.018182000145316124 0.012377000413835049
0 0.1643020063638687 0.4516029953956604 0.018182000145316124 0.012694000266492367
0 0.1643020063638687 0.4806410074234009 0.018182000145316124 0.013012000359594822
0 0.2082040011882782 0.4955570101737976 0.018182000145316124 0.012377000413835049
0 0.12062100321054459 0.5092030167579651 0.01862500049173832 0.012377000413835049
0 0.4634149968624115 0.3816249966621399 0.01862500049173832 0.013012000359594822
0 0.4634149968624115 0.39638200402259827 0.01862500049173832 0.012694000266492367
0 0.3753879964351654 0.41002899408340454 0.018182000145316124 0.012694000266492367
0 0.4634149968624115 0.4247860014438629 0.01862500049173832 0.013646000064909458
0 0.46319299936294556 0.43970200419425964 0.018182000145316124 0.013646000064909458
0 0.3753879964351654 0.4535070061683655 0.018182000145316124 0.012694000266492367
0 0.3319289982318878 0.4677880108356476 0.019068999215960503 0.012694000266492367
0 0.3314859867095947 0.4823870062828064 0.018182000145316124 0.012694000266492367
0 0.3314859867095947 0.4966680109500885 0.018182000145316124 0.012694000266492367
0 0.418846994638443 0.5122179985046387 0.018182000145316124 0.012694000266492367
0 0.542572021484375 0.3816249966621399 0.018182000145316124 0.013646000064909458
0 0.5862529873847961 0.39638200402259827 0.01862500049173832 0.012694000266492367
0 0.6308199763298035 0.4120909869670868 0.018182000145316124 0.013012000359594822
0 0.5855879783630371 0.42653098702430725 0.018182000145316124 0.012059999629855156
0 0.6301550269126892 0.44113001227378845 0.01862500049173832 0.012694000266492367
0 0.6299329996109009 0.4557279944419861 0.018182000145316124 0.012694000266492367
0 0.674278974533081 0.47001001238822937 0.018182000145316124 0.012694000266492367
0 0.6297119855880737 0.484607994556427 0.01862500049173832 0.012694000266492367
0 0.6290469765663147 0.5138049721717834 0.018182000145316124 0.012059999629855156
0 0.8004429936408997 0.3978100121021271 0.01862500049173832 0.013012000359594822
0 0.8445680141448975 0.41288501024246216 0.019068999215960503 0.012694000266492367
0 0.7543240189552307 0.42653098702430725 0.01862500049173832 0.012694000266492367
0 0.8443459868431091 0.4420819878578186 0.01862500049173832 0.012694000266492367
0 0.8886920213699341 0.45699799060821533 0.01862500049173832 0.012694000266492367
0 0.7534369826316833 0.4706439971923828 0.01862500049173832 0.012694000266492367
0 0.7532150149345398 0.48555999994277954 0.019068999215960503 0.012694000266492367
0 0.7977830171585083 0.5004760026931763 0.01862500049173832 0.012694000266492367
0 0.8432369828224182 0.5157089829444885 0.019068999215960503 0.012694000266492367
0 0.11929000169038773 0.5953670144081116 0.01773799955844879 0.012694000266492367
0 0.2523280084133148 0.5963190197944641 0.01773799955844879 0.012694000266492367
0 0.11906900256872177 0.6104410290718079 0.018182000145316124 0.012377000413835049
0 0.2523280084133148 0.6112350225448608 0.01773799955844879 0.012694000266492367
0 0.11906900256872177 0.6242460012435913 0.018182000145316124 0.012694000266492367
0 0.20753900706768036 0.6251980066299438 0.01862500049173832 0.012694000266492367
0 0.25255000591278076 0.6402729749679565 0.018182000145316124 0.012377000413835049
0 0.3303770124912262 0.5971119999885559 0.01773799955844879 0.013646000064909458
0 0.4184040129184723 0.5977470278739929 0.018182000145316124 0.013012000359594822
0 0.3749450147151947 0.6123449802398682 0.018182000145316124 0.013012000359594822
0 0.3738360106945038 0.6274200081825256 0.01773799955844879 0.012694000266492367
0 0.4614189863204956 0.6272609829902649 0.018182000145316124 0.013012000359594822
0 0.417959988117218 0.6415420174598694 0.018182000145316124 0.012377000413835049
0 0.6722840070724487 0.6001269817352295 0.01862500049173832 0.01332900021225214
0 0.5838140249252319 0.6136149764060974 0.018182000145316124 0.012377000413835049
0 0.6725059747695923 0.6148840188980103 0.018182000145316124 0.012377000413835049
0 0.5405759811401367 0.6285309791564941 0.01862500049173832 0.012377000413835049
0 0.6718400120735168 0.629800021648407 0.01862500049173832 0.012377000413835049
0 0.5399109721183777 0.6424940228462219 0.018182000145316124 0.012377000413835049
0 0.6288250088691711 0.6432880163192749 0.01862500049173832 0.012694000266492367
0 0.7966740131378174 0.6021900177001953 0.018182000145316124 0.013012000359594822
0 0.8860309720039368 0.6037769913673401 0.01862500049173832 0.013646000064909458
0 0.8860309720039368 0.6180580258369446 0.01862500049173832 0.013012000359594822
0 0.796451985836029 0.6307520270347595 0.01862500049173832 0.013012000359594822
0 0.8410199880599976 0.6323390007019043 0.018182000145316124 0.013012000359594822
0 0.7516630291938782 0.6450330018997192 0.01862500049173832 0.0117419995367527
0 0.8419070243835449 0.646619975566864 0.017294999212026596 0.012377000413835049
0 0.11751700192689896 0.785148024559021 0.01773799955844879 0.012694000266492367
0 0.13813699781894684 0.7848299741744995 0.017294999212026596 0.012694000266492367
0 0.15853700041770935 0.814503014087677 0.017294999212026596 0.0117419995367527
0 0.17827099561691284 0.814503014087677 0.01773799955844879 0.012377000413835049
0 0.2585369944572449 0.7280229926109314 0.01773799955844879 0.01332900021225214
0 0.257205992937088 0.8441759943962097 0.01773799955844879 0.012694000266492367
0 0.299778014421463 0.743573009967804 0.01773799955844879 0.01332900021225214
0 0.3991129994392395 0.7292919754981995 0.01773799955844879 0.012694000266492367
0 0.3975610136985779 0.8162490129470825 0.017294999212026596 0.012694000266492367
0 0.41906899213790894 0.7438910007476807 0.01773799955844879 0.012694000266492367
0 0.4388029873371124 0.7883210182189941 0.017294999212026596 0.012694000266492367
0 0.45920199155807495 0.846714973449707 0.017294999212026596 0.012694000266492367
0 0.5361419916152954 0.8617900013923645 0.01773799955844879 0.012377000413835049
0 0.5576500296592712 0.847985029220581 0.017294999212026596 0.01332900021225214
0 0.5793790221214294 0.7459539771080017 0.017294999212026596 0.0117419995367527
0 0.598226010799408 0.8919389843940735 0.01773799955844879 0.012377000413835049
0 0.6796010136604309 0.7323070168495178 0.018182000145316124 0.013012000359594822
0 0.6787139773368835 0.8056169748306274 0.018182000145316124 0.012377000413835049
0 0.6995570063591003 0.8056169748306274 0.018182000145316124 0.012377000413835049
0 0.7199559807777405 0.8649640083312988 0.017294999212026596 0.012377000413835049
0 0.741241991519928 0.7919710278511047 0.018182000145316124 0.012377000413835049
0 0.8212860226631165 0.763725996017456 0.01862500049173832 0.013012000359594822
0 0.8421289920806885 0.7640429735183716 0.01773799955844879 0.013012000359594822
0 0.8638579845428467 0.8532209992408752 0.01773799955844879 0.012377000413835049
0 0.8851439952850342 0.8240240216255188 0.01862500049173832 0.013012000359594822
0 0.7139689922332764 0.15122200548648834 0.015077999792993069 0.011107999831438065
0 0.7294899821281433 0.25309398770332336 0.015077999792993069 0.010472999885678291
0 0.7458980083465576 0.25309398770332336 0.015077999792993069 0.011107999831438065
0 0.7640799880027771 0.20263400673866272 0.015077999792993069 0.011107999831438065
0 0.7973390221595764 0.2880040109157562 0.015077999792993069 0.011107999831438065
0 0.8558760285377502 0.18613100051879883 0.015077999792993069 0.011107999831438065
0 0.2082040011882782 0.37892699241638184 0.018182000145316124 0.012694000266492367
0 0.2523280084133148 0.39384299516677856 0.01862500049173832 0.012694000266492367
0 0.16496700048446655 0.4079659879207611 0.01862500049173832 0.013012000359594822
0 0.1643020063638687 0.42240598797798157 0.018182000145316124 0.012694000266492367
0 0.2082040011882782 0.43748000264167786 0.018182000145316124 0.012377000413835049
0 0.1643020063638687 0.4516029953956604 0.018182000145316124 0.012694000266492367
0 0.1643020063638687 0.4806410074234009 0.018182000145316124 0.013012000359594822
0 0.2082040011882782 0.4955570101737976 0.018182000145316124 0.012377000413835049
0 0.12062100321054459 0.5092030167579651 0.01862500049173832 0.012377000413835049
0 0.4634149968624115 0.3816249966621399 0.01862500049173832 0.013012000359594822
0 0.4634149968624115 0.39638200402259827 0.01862500049173832 0.012694000266492367
0 0.3753879964351654 0.41002899408340454 0.018182000145316124 0.012694000266492367
0 0.4634149968624115 0.4247860014438629 0.01862500049173832 0.013646000064909458
0 0.46319299936294556 0.43970200419425964 0.018182000145316124 0.013646000064909458
0 0.3753879964351654 0.4535070061683655 0.018182000145316124 0.012694000266492367
0 0.3319289982318878 0.4677880108356476 0.019068999215960503 0.012694000266492367
0 0.3314859867095947 0.4823870062828064 0.018182000145316124 0.012694000266492367
0 0.3314859867095947 0.4966680109500885 0.018182000145316124 0.012694000266492367
0 0.418846994638443 0.5122179985046387 0.018182000145316124 0.012694000266492367
0 0.542572021484375 0.3816249966621399 0.018182000145316124 0.013646000064909458
0 0.5862529873847961 0.39638200402259827 0.01862500049173832 0.012694000266492367
0 0.6308199763298035 0.4120909869670868 0.018182000145316124 0.013012000359594822
0 0.5855879783630371 0.42653098702430725 0.018182000145316124 0.012059999629855156
0 0.6301550269126892 0.44113001227378845 0.01862500049173832 0.012694000266492367
0 0.674278974533081 0.47001001238822937 0.018182000145316124 0.012694000266492367
0 0.6297119855880737 0.484607994556427 0.01862500049173832 0.012694000266492367
0 0.6290469765663147 0.5138049721717834 0.018182000145316124 0.012059999629855156
0 0.8004429936408997 0.3978100121021271 0.01862500049173832 0.013012000359594822
0 0.8445680141448975 0.41288501024246216 0.019068999215960503 0.012694000266492367
0 0.7543240189552307 0.42653098702430725 0.01862500049173832 0.012694000266492367
0 0.8443459868431091 0.4420819878578186 0.01862500049173832 0.012694000266492367
0 0.8886920213699341 0.45699799060821533 0.01862500049173832 0.012694000266492367
0 0.7534369826316833 0.4706439971923828 0.01862500049173832 0.012694000266492367
0 0.7532150149345398 0.48555999994277954 0.019068999215960503 0.012694000266492367
0 0.7977830171585083 0.5004760026931763 0.01862500049173832 0.012694000266492367
0 0.8432369828224182 0.5157089829444885 0.019068999215960503 0.012694000266492367
0 0.11929000169038773 0.5953670144081116 0.01773799955844879 0.012694000266492367
0 0.2523280084133148 0.5963190197944641 0.01773799955844879 0.012694000266492367
0 0.11906900256872177 0.6104410290718079 0.018182000145316124 0.012377000413835049
0 0.2523280084133148 0.6112350225448608 0.01773799955844879 0.012694000266492367
0 0.11906900256872177 0.6242460012435913 0.018182000145316124 0.012694000266492367
0 0.20753900706768036 0.6251980066299438 0.01862500049173832 0.012694000266492367
0 0.1636359989643097 0.639162003993988 0.01773799955844879 0.012059999629855156
0 0.25255000591278076 0.6402729749679565 0.018182000145316124 0.012377000413835049
0 0.3303770124912262 0.5971119999885559 0.01773799955844879 0.013646000064909458
0 0.4184040129184723 0.5977470278739929 0.018182000145316124 0.013012000359594822
0 0.3749450147151947 0.6123449802398682 0.018182000145316124 0.013012000359594822
0 0.3738360106945038 0.6274200081825256 0.01773799955844879 0.012694000266492367
0 0.4614189863204956 0.6272609829902649 0.018182000145316124 0.013012000359594822
0 0.417959988117218 0.6415420174598694 0.018182000145316124 0.012377000413835049
0 0.5403550267219543 0.599016010761261 0.018182000145316124 0.012377000413835049
0 0.6722840070724487 0.6001269817352295 0.01862500049173832 0.01332900021225214
0 0.5838140249252319 0.6136149764060974 0.018182000145316124 0.012377000413835049
0 0.6725059747695923 0.6148840188980103 0.018182000145316124 0.012377000413835049
0 0.5405759811401367 0.6285309791564941 0.01862500049173832 0.012377000413835049
0 0.6718400120735168 0.629800021648407 0.01862500049173832 0.012377000413835049
0 0.5399109721183777 0.6424940228462219 0.018182000145316124 0.012377000413835049
0 0.6288250088691711 0.6432880163192749 0.01862500049173832 0.012694000266492367
0 0.7966740131378174 0.6021900177001953 0.018182000145316124 0.013012000359594822
0 0.8860309720039368 0.6037769913673401 0.01862500049173832 0.013646000064909458
0 0.8860309720039368 0.6180580258369446 0.01862500049173832 0.013012000359594822
0 0.8410199880599976 0.6323390007019043 0.018182000145316124 0.013012000359594822
0 0.7516630291938782 0.6450330018997192 0.01862500049173832 0.0117419995367527
0 0.8419070243835449 0.646619975566864 0.017294999212026596 0.012377000413835049
0 0.11751700192689896 0.785148024559021 0.01773799955844879 0.012694000266492367
0 0.13813699781894684 0.7848299741744995 0.017294999212026596 0.012694000266492367
0 0.15853700041770935 0.814503014087677 0.017294999212026596 0.0117419995367527
0 0.17827099561691284 0.814503014087677 0.01773799955844879 0.012377000413835049
0 0.2585369944572449 0.7280229926109314 0.01773799955844879 0.01332900021225214
0 0.257205992937088 0.8441759943962097 0.01773799955844879 0.012694000266492367
0 0.299778014421463 0.743573009967804 0.01773799955844879 0.01332900021225214
0 0.3991129994392395 0.7292919754981995 0.01773799955844879 0.012694000266492367
0 0.3975610136985779 0.8162490129470825 0.017294999212026596 0.012694000266492367
0 0.41906899213790894 0.7438910007476807 0.01773799955844879 0.012694000266492367
0 0.4388029873371124 0.7883210182189941 0.017294999212026596 0.012694000266492367
0 0.45920199155807495 0.846714973449707 0.017294999212026596 0.012694000266492367
0 0.5361419916152954 0.8617900013923645 0.01773799955844879 0.012377000413835049
0 0.5576500296592712 0.847985029220581 0.017294999212026596 0.01332900021225214
0 0.5793790221214294 0.7459539771080017 0.017294999212026596 0.0117419995367527
0 0.598226010799408 0.8919389843940735 0.01773799955844879 0.012377000413835049
0 0.6796010136604309 0.7323070168495178 0.018182000145316124 0.013012000359594822
0 0.6787139773368835 0.8056169748306274 0.018182000145316124 0.012377000413835049
0 0.6995570063591003 0.8056169748306274 0.018182000145316124 0.012377000413835049
0 0.7199559807777405 0.8649640083312988 0.017294999212026596 0.012377000413835049
0 0.741241991519928 0.7919710278511047 0.018182000145316124 0.012377000413835049
0 0.8212860226631165 0.763725996017456 0.01862500049173832 0.013012000359594822
0 0.8421289920806885 0.7640429735183716 0.01773799955844879 0.013012000359594822
0 0.8638579845428467 0.8532209992408752 0.01773799955844879 0.012377000413835049
0 0.8851439952850342 0.8240240216255188 0.01862500049173832 0.013012000359594822
0 0.7139689922332764 0.15122200548648834 0.015077999792993069 0.011107999831438065
0 0.7294899821281433 0.25309398770332336 0.015077999792993069 0.010472999885678291
0 0.7640799880027771 0.20263400673866272 0.015077999792993069 0.011107999831438065
0 0.7973390221595764 0.2880040109157562 0.015077999792993069 0.011107999831438065
0 0.8558760285377502 0.18613100051879883 0.015077999792993069 0.011107999831438065
0 0.2082040011882782 0.37892699241638184 0.018182000145316124 0.012694000266492367
0 0.2523280084133148 0.39384299516677856 0.01862500049173832 0.012694000266492367
0 0.16496700048446655 0.4079659879207611 0.01862500049173832 0.013012000359594822
0 0.1643020063638687 0.42240598797798157 0.018182000145316124 0.012694000266492367
0 0.2082040011882782 0.43748000264167786 0.018182000145316124 0.012377000413835049
0 0.1643020063638687 0.4516029953956604 0.018182000145316124 0.012694000266492367
0 0.1643020063638687 0.4806410074234009 0.018182000145316124 0.013012000359594822
0 0.2082040011882782 0.4955570101737976 0.018182000145316124 0.012377000413835049
0 0.12062100321054459 0.5092030167579651 0.01862500049173832 0.012377000413835049
0 0.4634149968624115 0.3816249966621399 0.01862500049173832 0.013012000359594822
0 0.4634149968624115 0.39638200402259827 0.01862500049173832 0.012694000266492367
0 0.3753879964351654 0.41002899408340454 0.018182000145316124 0.012694000266492367
0 0.4634149968624115 0.4247860014438629 0.01862500049173832 0.013646000064909458
0 0.46319299936294556 0.43970200419425964 0.018182000145316124 0.013646000064909458
0 0.3753879964351654 0.4535070061683655 0.018182000145316124 0.012694000266492367
0 0.3319289982318878 0.4677880108356476 0.019068999215960503 0.012694000266492367
0 0.3314859867095947 0.4966680109500885 0.018182000145316124 0.012694000266492367
0 0.542572021484375 0.3816249966621399 0.018182000145316124 0.013646000064909458
0 0.5862529873847961 0.39638200402259827 0.01862500049173832 0.012694000266492367
0 0.6308199763298035 0.4120909869670868 0.018182000145316124 0.013012000359594822
0 0.5855879783630371 0.42653098702430725 0.018182000145316124 0.012059999629855156
0 0.6301550269126892 0.44113001227378845 0.01862500049173832 0.012694000266492367
0 0.6299329996109009 0.4557279944419861 0.018182000145316124 0.012694000266492367
0 0.674278974533081 0.47001001238822937 0.018182000145316124 0.012694000266492367
0 0.6297119855880737 0.484607994556427 0.01862500049173832 0.012694000266492367
0 0.6290469765663147 0.5138049721717834 0.018182000145316124 0.012059999629855156
0 0.8004429936408997 0.3978100121021271 0.01862500049173832 0.013012000359594822
0 0.8445680141448975 0.41288501024246216 0.019068999215960503 0.012694000266492367
0 0.7543240189552307 0.42653098702430725 0.01862500049173832 0.012694000266492367
0 0.8443459868431091 0.4420819878578186 0.01862500049173832 0.012694000266492367
0 0.8886920213699341 0.45699799060821533 0.01862500049173832 0.012694000266492367
0 0.7534369826316833 0.4706439971923828 0.01862500049173832 0.012694000266492367
0 0.7532150149345398 0.48555999994277954 0.019068999215960503 0.012694000266492367
0 0.7977830171585083 0.5004760026931763 0.01862500049173832 0.012694000266492367
0 0.8432369828224182 0.5157089829444885 0.019068999215960503 0.012694000266492367
0 0.11929000169038773 0.5953670144081116 0.01773799955844879 0.012694000266492367
0 0.2523280084133148 0.5963190197944641 0.01773799955844879 0.012694000266492367
0 0.11906900256872177 0.6104410290718079 0.018182000145316124 0.012377000413835049
0 0.2523280084133148 0.6112350225448608 0.01773799955844879 0.012694000266492367
0 0.11906900256872177 0.6242460012435913 0.018182000145316124 0.012694000266492367
0 0.20753900706768036 0.6251980066299438 0.01862500049173832 0.012694000266492367
0 0.25255000591278076 0.6402729749679565 0.018182000145316124 0.012377000413835049
0 0.3303770124912262 0.5971119999885559 0.01773799955844879 0.013646000064909458
0 0.4184040129184723 0.5977470278739929 0.018182000145316124 0.013012000359594822
0 0.3749450147151947 0.6123449802398682 0.018182000145316124 0.013012000359594822
0 0.3738360106945038 0.6274200081825256 0.01773799955844879 0.012694000266492367
0 0.4614189863204956 0.6272609829902649 0.018182000145316124 0.013012000359594822
0 0.417959988117218 0.6415420174598694 0.018182000145316124 0.012377000413835049
0 0.5403550267219543 0.599016010761261 0.018182000145316124 0.012377000413835049
0 0.6722840070724487 0.6001269817352295 0.01862500049173832 0.01332900021225214
0 0.5838140249252319 0.6136149764060974 0.018182000145316124 0.012377000413835049
0 0.6725059747695923 0.6148840188980103 0.018182000145316124 0.012377000413835049
0 0.5405759811401367 0.6285309791564941 0.01862500049173832 0.012377000413835049
0 0.6718400120735168 0.629800021648407 0.01862500049173832 0.012377000413835049
0 0.5399109721183777 0.6424940228462219 0.018182000145316124 0.012377000413835049
0 0.6288250088691711 0.6432880163192749 0.01862500049173832 0.012694000266492367
0 0.7966740131378174 0.6021900177001953 0.018182000145316124 0.013012000359594822
0 0.8860309720039368 0.6037769913673401 0.01862500049173832 0.013646000064909458
0 0.8860309720039368 0.6180580258369446 0.01862500049173832 0.013012000359594822
0 0.796451985836029 0.6307520270347595 0.01862500049173832 0.013012000359594822
0 0.8410199880599976 0.6323390007019043 0.018182000145316124 0.013012000359594822
0 0.7516630291938782 0.6450330018997192 0.01862500049173832 0.0117419995367527
0 0.8419070243835449 0.646619975566864 0.017294999212026596 0.012377000413835049
0 0.11751700192689896 0.785148024559021 0.01773799955844879 0.012694000266492367
0 0.13813699781894684 0.7848299741744995 0.017294999212026596 0.012694000266492367
0 0.15853700041770935 0.814503014087677 0.017294999212026596 0.0117419995367527
0 0.17827099561691284 0.814503014087677 0.01773799955844879 0.012377000413835049
0 0.2585369944572449 0.7280229926109314 0.01773799955844879 0.01332900021225214
0 0.257205992937088 0.8441759943962097 0.01773799955844879 0.012694000266492367
0 0.299778014421463 0.743573009967804 0.01773799955844879 0.01332900021225214
0 0.3991129994392395 0.7292919754981995 0.01773799955844879 0.012694000266492367
0 0.3975610136985779 0.8162490129470825 0.017294999212026596 0.012694000266492367
0 0.41906899213790894 0.7438910007476807 0.01773799955844879 0.012694000266492367
0 0.4388029873371124 0.7883210182189941 0.017294999212026596 0.012694000266492367
0 0.45920199155807495 0.846714973449707 0.017294999212026596 0.012694000266492367
0 0.5361419916152954 0.8617900013923645 0.01773799955844879 0.012377000413835049
0 0.5576500296592712 0.847985029220581 0.017294999212026596 0.01332900021225214
0 0.5793790221214294 0.7459539771080017 0.017294999212026596 0.0117419995367527
0 0.598226010799408 0.8919389843940735 0.01773799955844879 0.012377000413835049
0 0.6796010136604309 0.7323070168495178 0.018182000145316124 0.013012000359594822
0 0.6787139773368835 0.8056169748306274 0.018182000145316124 0.012377000413835049
0 0.6995570063591003 0.8056169748306274 0.018182000145316124 0.012377000413835049
0 0.7199559807777405 0.8649640083312988 0.017294999212026596 0.012377000413835049
0 0.741241991519928 0.7919710278511047 0.018182000145316124 0.012377000413835049
0 0.8212860226631165 0.763725996017456 0.01862500049173832 0.013012000359594822
0 0.8421289920806885 0.7640429735183716 0.01773799955844879 0.013012000359594822
0 0.8638579845428467 0.8532209992408752 0.01773799955844879 0.012377000413835049
0 0.8851439952850342 0.8240240216255188 0.01862500049173832 0.013012000359594822
0 0.7139689922332764 0.15122200548648834 0.015077999792993069 0.011107999831438065
0 0.7458980083465576 0.25309398770332336 0.015077999792993069 0.011107999831438065
0 0.7640799880027771 0.20263400673866272 0.015077999792993069 0.011107999831438065
0 0.7809309959411621 0.21945400536060333 0.015077999792993069 0.011107999831438065
0 0.7973390221595764 0.2880040109157562 0.015077999792993069 0.011107999831438065
0 0.8558760285377502 0.18613100051879883 0.015077999792993069 0.011107999831438065
0 0.2082040011882782 0.37892699241638184 0.018182000145316124 0.012694000266492367
0 0.2523280084133148 0.39384299516677856 0.01862500049173832 0.012694000266492367
0 0.16496700048446655 0.4079659879207611 0.01862500049173832 0.013012000359594822
0 0.1643020063638687 0.42240598797798157 0.018182000145316124 0.012694000266492367
0 0.2082040011882782 0.43748000264167786 0.018182000145316124 0.012377000413835049
0 0.1643020063638687 0.4516029953956604 0.018182000145316124 0.012694000266492367
0 0.12150800228118896 0.46604299545288086 0.01862500049173832 0.012377000413835049
0 0.1643020063638687 0.4806410074234009 0.018182000145316124 0.013012000359594822
0 0.2082040011882782 0.4955570101737976 0.018182000145316124 0.012377000413835049
0 0.12062100321054459 0.5092030167579651 0.01862500049173832 0.012377000413835049
0 0.4634149968624115 0.3816249966621399 0.01862500049173832 0.013012000359594822
0 0.4634149968624115 0.39638200402259827 0.01862500049173832 0.012694000266492367
0 0.3753879964351654 0.41002899408340454 0.018182000145316124 0.012694000266492367
0 0.4634149968624115 0.4247860014438629 0.01862500049173832 0.013646000064909458
0 0.46319299936294556 0.43970200419425964 0.018182000145316124 0.013646000064909458
0 0.3753879964351654 0.4535070061683655 0.018182000145316124 0.012694000266492367
0 0.3319289982318878 0.4677880108356476 0.019068999215960503 0.012694000266492367
0 0.3314859867095947 0.4823870062828064 0.018182000145316124 0.012694000266492367
0 0.3314859867095947 0.4966680109500885 0.018182000145316124 0.012694000266492367
0 0.418846994638443 0.5122179985046387 0.018182000145316124 0.012694000266492367
0 0.542572021484375 0.3816249966621399 0.018182000145316124 0.013646000064909458
0 0.5862529873847961 0.39638200402259827 0.01862500049173832 0.012694000266492367
0 0.6308199763298035 0.4120909869670868 0.018182000145316124 0.013012000359594822
0 0.5855879783630371 0.42653098702430725 0.018182000145316124 0.012059999629855156
0 0.6301550269126892 0.44113001227378845 0.01862500049173832 0.012694000266492367
0 0.674278974533081 0.47001001238822937 0.018182000145316124 0.012694000266492367
0 0.6297119855880737 0.484607994556427 0.01862500049173832 0.012694000266492367
0 0.6290469765663147 0.5138049721717834 0.018182000145316124 0.012059999629855156
0 0.8004429936408997 0.3978100121021271 0.01862500049173832 0.013012000359594822
0 0.8445680141448975 0.41288501024246216 0.019068999215960503 0.012694000266492367
0 0.7543240189552307 0.42653098702430725 0.01862500049173832 0.012694000266492367
0 0.8886920213699341 0.45699799060821533 0.01862500049173832 0.012694000266492367
0 0.7534369826316833 0.4706439971923828 0.01862500049173832 0.012694000266492367
0 0.7532150149345398 0.48555999994277954 0.019068999215960503 0.012694000266492367
0 0.7977830171585083 0.5004760026931763 0.01862500049173832 0.012694000266492367
0 0.8432369828224182 0.5157089829444885 0.019068999215960503 0.012694000266492367
0 0.11929000169038773 0.5953670144081116 0.01773799955844879 0.012694000266492367
0 0.2523280084133148 0.5963190197944641 0.01773799955844879 0.012694000266492367
0 0.11906900256872177 0.6104410290718079 0.018182000145316124 0.012377000413835049
0 0.2523280084133148 0.6112350225448608 0.01773799955844879 0.012694000266492367
0 0.11906900256872177 0.6242460012435913 0.018182000145316124 0.012694000266492367
0 0.20753900706768036 0.6251980066299438 0.01862500049173832 0.012694000266492367
0 0.25255000591278076 0.6402729749679565 0.018182000145316124 0.012377000413835049
0 0.3303770124912262 0.5971119999885559 0.01773799955844879 0.013646000064909458
0 0.4184040129184723 0.5977470278739929 0.018182000145316124 0.013012000359594822
0 0.3749450147151947 0.6123449802398682 0.018182000145316124 0.013012000359594822
0 0.3738360106945038 0.6274200081825256 0.01773799955844879 0.012694000266492367
0 0.4614189863204956 0.6272609829902649 0.018182000145316124 0.013012000359594822
0 0.417959988117218 0.6415420174598694 0.018182000145316124 0.012377000413835049
0 0.6722840070724487 0.6001269817352295 0.01862500049173832 0.01332900021225214
0 0.5838140249252319 0.6136149764060974 0.018182000145316124 0.012377000413835049
0 0.6725059747695923 0.6148840188980103 0.018182000145316124 0.012377000413835049
0 0.5405759811401367 0.6285309791564941 0.01862500049173832 0.012377000413835049
0 0.6718400120735168 0.629800021648407 0.01862500049173832 0.012377000413835049
0 0.5399109721183777 0.6424940228462219 0.018182000145316124 0.012377000413835049
0 0.6288250088691711 0.6432880163192749 0.01862500049173832 0.012694000266492367
0 0.7966740131378174 0.6021900177001953 0.018182000145316124 0.013012000359594822
0 0.8860309720039368 0.6037769913673401 0.01862500049173832 0.013646000064909458
0 0.7966740131378174 0.616470992565155 0.018182000145316124 0.013012000359594822
0 0.8860309720039368 0.6180580258369446 0.01862500049173832 0.013012000359594822
0 0.796451985836029 0.6307520270347595 0.01862500049173832 0.013012000359594822
0 0.8410199880599976 0.6323390007019043 0.018182000145316124 0.013012000359594822
0 0.7516630291938782 0.6450330018997192 0.01862500049173832 0.0117419995367527
0 0.8419070243835449 0.646619975566864 0.017294999212026596 0.012377000413835049
0 0.11751700192689896 0.785148024559021 0.01773799955844879 0.012694000266492367
0 0.13813699781894684 0.7848299741744995 0.017294999212026596 0.012694000266492367
0 0.15853700041770935 0.814503014087677 0.017294999212026596 0.0117419995367527
0 0.17827099561691284 0.814503014087677 0.01773799955844879 0.012377000413835049
0 0.2585369944572449 0.7280229926109314 0.01773799955844879 0.01332900021225214
0 0.257205992937088 0.8441759943962097 0.01773799955844879 0.012694000266492367
0 0.299778014421463 0.743573009967804 0.01773799955844879 0.01332900021225214
0 0.31973400712013245 0.7581719756126404 0.01773799955844879 0.01332900021225214
0 0.3991129994392395 0.7292919754981995 0.01773799955844879 0.012694000266492367
0 0.3975610136985779 0.8162490129470825 0.017294999212026596 0.012694000266492367
0 0.41906899213790894 0.7438910007476807 0.01773799955844879 0.012694000266492367
0 0.4388029873371124 0.7883210182189941 0.017294999212026596 0.012694000266492367
0 0.45920199155807495 0.846714973449707 0.017294999212026596 0.012694000266492367
0 0.5361419916152954 0.8617900013923645 0.01773799955844879 0.012377000413835049
0 0.5576500296592712 0.847985029220581 0.017294999212026596 0.01332900021225214
0 0.5793790221214294 0.7459539771080017 0.017294999212026596 0.0117419995367527
0 0.598226010799408 0.8919389843940735 0.01773799955844879 0.012377000413835049
0 0.6796010136604309 0.7323070168495178 0.018182000145316124 0.013012000359594822
0 0.6787139773368835 0.8056169748306274 0.018182000145316124 0.012377000413835049
0 0.6995570063591003 0.8056169748306274 0.018182000145316124 0.012377000413835049
0 0.7199559807777405 0.8649640083312988 0.017294999212026596 0.012377000413835049
0 0.741241991519928 0.7919710278511047 0.018182000145316124 0.012377000413835049
0 0.8212860226631165 0.763725996017456 0.01862500049173832 0.013012000359594822
0 0.8421289920806885 0.7640429735183716 0.01773799955844879 0.013012000359594822
0 0.8638579845428467 0.8532209992408752 0.01773799955844879 0.012377000413835049
0 0.8851439952850342 0.8240240216255188 0.01862500049173832 0.013012000359594822
0 0.7139689922332764 0.15122200548648834 0.015077999792993069 0.011107999831438065
0 0.7294899821281433 0.25309398770332336 0.015077999792993069 0.010472999885678291
0 0.7458980083465576 0.25309398770332336 0.015077999792993069 0.011107999831438065
0 0.7640799880027771 0.20263400673866272 0.015077999792993069 0.011107999831438065
0 0.7809309959411621 0.21945400536060333 0.015077999792993069 0.011107999831438065
0 0.7973390221595764 0.2880040109157562 0.015077999792993069 0.011107999831438065
0 0.8558760285377502 0.18613100051879883 0.015077999792993069 0.011107999831438065
0 0.2082040011882782 0.37892699241638184 0.018182000145316124 0.012694000266492367
0 0.2523280084133148 0.39384299516677856 0.01862500049173832 0.012694000266492367
0 0.16496700048446655 0.4079659879207611 0.01862500049173832 0.013012000359594822
0 0.1643020063638687 0.42240598797798157 0.018182000145316124 0.012694000266492367
0 0.2082040011882782 0.43748000264167786 0.018182000145316124 0.012377000413835049
0 0.1643020063638687 0.4516029953956604 0.018182000145316124 0.012694000266492367
0 0.1643020063638687 0.4806410074234009 0.018182000145316124 0.013012000359594822
0 0.2082040011882782 0.4955570101737976 0.018182000145316124 0.012377000413835049
0 0.12062100321054459 0.5092030167579651 0.01862500049173832 0.012377000413835049
0 0.4634149968624115 0.3816249966621399 0.01862500049173832 0.013012000359594822
0 0.4634149968624115 0.39638200402259827 0.01862500049173832 0.012694000266492367
0 0.3753879964351654 0.41002899408340454 0.018182000145316124 0.012694000266492367
0 0.4634149968624115 0.4247860014438629 0.01862500049173832 0.013646000064909458
0 0.46319299936294556 0.43970200419425964 0.018182000145316124 0.013646000064909458
0 0.3753879964351654 0.4535070061683655 0.018182000145316124 0.012694000266492367
0 0.3319289982318878 0.4677880108356476 0.019068999215960503 0.012694000266492367
0 0.3314859867095947 0.4823870062828064 0.018182000145316124 0.012694000266492367
0 0.3314859867095947 0.4966680109500885 0.018182000145316124 0.012694000266492367
0 0.418846994638443 0.5122179985046387 0.018182000145316124 0.012694000266492367
0 0.542572021484375 0.3816249966621399 0.018182000145316124 0.013646000064909458
0 0.5862529873847961 0.39638200402259827 0.01862500049173832 0.012694000266492367
0 0.6308199763298035 0.4120909869670868 0.018182000145316124 0.013012000359594822
0 0.5855879783630371 0.42653098702430725 0.018182000145316124 0.012059999629855156
0 0.6301550269126892 0.44113001227378845 0.01862500049173832 0.012694000266492367
0 0.6299329996109009 0.4557279944419861 0.018182000145316124 0.012694000266492367
0 0.674278974533081 0.47001001238822937 0.018182000145316124 0.012694000266492367
0 0.6297119855880737 0.484607994556427 0.01862500049173832 0.012694000266492367
0 0.6290469765663147 0.5138049721717834 0.018182000145316124 0.012059999629855156
0 0.8004429936408997 0.3978100121021271 0.01862500049173832 0.013012000359594822
0 0.8445680141448975 0.41288501024246216 0.019068999215960503 0.012694000266492367
0 0.7543240189552307 0.42653098702430725 0.01862500049173832 0.012694000266492367
0 0.8443459868431091 0.4420819878578186 0.01862500049173832 0.012694000266492367
0 0.8886920213699341 0.45699799060821533 0.01862500049173832 0.012694000266492367
0 0.7534369826316833 0.4706439971923828 0.01862500049173832 0.012694000266492367
0 0.7532150149345398 0.48555999994277954 0.019068999215960503 0.012694000266492367
0 0.7977830171585083 0.5004760026931763 0.01862500049173832 0.012694000266492367
0 0.8432369828224182 0.5157089829444885 0.019068999215960503 0.012694000266492367
0 0.11929000169038773 0.5953670144081116 0.01773799955844879 0.012694000266492367
0 0.2523280084133148 0.5963190197944641 0.01773799955844879 0.012694000266492367
0 0.11906900256872177 0.6104410290718079 0.018182000145316124 0.012377000413835049
0 0.2523280084133148 0.6112350225448608 0.01773799955844879 0.012694000266492367
0 0.11906900256872177 0.6242460012435913 0.018182000145316124 0.012694000266492367
0 0.20753900706768036 0.6251980066299438 0.01862500049173832 0.012694000266492367
0 0.25255000591278076 0.6402729749679565 0.018182000145316124 0.012377000413835049
0 0.3303770124912262 0.5971119999885559 0.01773799955844879 0.013646000064909458
0 0.4184040129184723 0.5977470278739929 0.018182000145316124 0.013012000359594822
0 0.3749450147151947 0.6123449802398682 0.018182000145316124 0.013012000359594822
0 0.3738360106945038 0.6274200081825256 0.01773799955844879 0.012694000266492367
0 0.4614189863204956 0.6272609829902649 0.018182000145316124 0.013012000359594822
0 0.417959988117218 0.6415420174598694 0.018182000145316124 0.012377000413835049
0 0.6722840070724487 0.6001269817352295 0.01862500049173832 0.01332900021225214
0 0.5838140249252319 0.6136149764060974 0.018182000145316124 0.012377000413835049
0 0.6725059747695923 0.6148840188980103 0.018182000145316124 0.012377000413835049
0 0.5405759811401367 0.6285309791564941 0.01862500049173832 0.012377000413835049
0 0.6718400120735168 0.629800021648407 0.01862500049173832 0.012377000413835049
0 0.5399109721183777 0.6424940228462219 0.018182000145316124 0.012377000413835049
0 0.6288250088691711 0.6432880163192749 0.01862500049173832 0.012694000266492367
0 0.8860309720039368 0.6037769913673401 0.01862500049173832 0.013646000064909458
0 0.8860309720039368 0.6180580258369446 0.01862500049173832 0.013012000359594822
0 0.796451985836029 0.6307520270347595 0.01862500049173832 0.013012000359594822
0 0.8410199880599976 0.6323390007019043 0.018182000145316124 0.013012000359594822
0 0.7516630291938782 0.6450330018997192 0.01862500049173832 0.0117419995367527
0 0.8419070243835449 0.646619975566864 0.017294999212026596 0.012377000413835049
0 0.11751700192689896 0.785148024559021 0.01773799955844879 0.012694000266492367
0 0.13813699781894684 0.7848299741744995 0.017294999212026596 0.012694000266492367
0 0.15853700041770935 0.814503014087677 0.017294999212026596 0.0117419995367527
0 0.17827099561691284 0.814503014087677 0.01773799955844879 0.012377000413835049
0 0.2585369944572449 0.7280229926109314 0.01773799955844879 0.01332900021225214
0 0.257205992937088 0.8441759943962097 0.01773799955844879 0.012694000266492367
0 0.299778014421463 0.743573009967804 0.01773799955844879 0.01332900021225214
0 0.3991129994392395 0.7292919754981995 0.01773799955844879 0.012694000266492367
0 0.3975610136985779 0.8162490129470825 0.017294999212026596 0.012694000266492367
0 0.41906899213790894 0.7438910007476807 0.01773799955844879 0.012694000266492367
0 0.4388029873371124 0.7883210182189941 0.017294999212026596 0.012694000266492367
0 0.45920199155807495 0.846714973449707 0.017294999212026596 0.012694000266492367
0 0.5361419916152954 0.8617900013923645 0.01773799955844879 0.012377000413835049
0 0.5576500296592712 0.847985029220581 0.017294999212026596 0.01332900021225214
0 0.5793790221214294 0.7459539771080017 0.017294999212026596 0.0117419995367527
0 0.598226010799408 0.8919389843940735 0.01773799955844879 0.012377000413835049
0 0.6796010136604309 0.7323070168495178 0.018182000145316124 0.013012000359594822
0 0.6787139773368835 0.8056169748306274 0.018182000145316124 0.012377000413835049
0 0.6995570063591003 0.8056169748306274 0.018182000145316124 0.012377000413835049
0 0.7199559807777405 0.8649640083312988 0.017294999212026596 0.012377000413835049
0 0.741241991519928 0.7919710278511047 0.018182000145316124 0.012377000413835049
0 0.8212860226631165 0.763725996017456 0.01862500049173832 0.013012000359594822
0 0.8421289920806885 0.7640429735183716 0.01773799955844879 0.013012000359594822
0 0.8638579845428467 0.8532209992408752 0.01773799955844879 0.012377000413835049
0 0.8851439952850342 0.8240240216255188 0.01862500049173832 0.013012000359594822
0 0.7164080142974854 0.30180901288986206 0.01463400013744831 0.01078999973833561
0 0.7345899939537048 0.1488420069217682 0.01463400013744831 0.0095210000872612
0 0.7516630291938782 0.14979399740695953 0.015077999792993069 0.010156000033020973
0 0.7849220037460327 0.28530600666999817 0.015077999792993069 0.01078999973833561
0 0.8589800000190735 0.2524600028991699 0.015077999792993069 0.0117419995367527
0 0.8764969706535339 0.2188190072774887 0.01463400013744831 0.011107999831438065
0 0.8926830291748047 0.2019989937543869 0.012416999787092209 0.011107999831438065
0 0.21374699473381042 0.3774990141391754 0.01862500049173832 0.013012000359594822
0 0.1241689994931221 0.4062199890613556 0.01862500049173832 0.012694000266492367
0 0.1246120035648346 0.4214540123939514 0.01862500049173832 0.012694000266492367
0 0.258092999458313 0.4358929991722107 0.01862500049173832 0.013012000359594822
0 0.21374699473381042 0.45033299922943115 0.01862500049173832 0.012059999629855156
0 0.21241700649261475 0.46493199467658997 0.01862500049173832 0.012694000266492367
0 0.2126390039920807 0.4798479974269867 0.018182000145316124 0.012694000266492367
0 0.257205992937088 0.4944460093975067 0.01862500049173832 0.012694000266492367
0 0.1246120035648346 0.5087270140647888 0.01862500049173832 0.012694000266492367
0 0.4694010019302368 0.3790859878063202 0.017294999212026596 0.012377000413835049
0 0.3813750147819519 0.3933669924736023 0.01862500049173832 0.012377000413835049
0 0.42505499720573425 0.4219299852848053 0.018182000145316124 0.012377000413835049
0 0.4682930111885071 0.43684500455856323 0.01862500049173832 0.012377000413835049
0 0.46807101368904114 0.46572500467300415 0.018182000145316124 0.012377000413835049
0 0.42461198568344116 0.48000600934028625 0.018182000145316124 0.012377000413835049
0 0.4682930111885071 0.49428799748420715 0.01862500049173832 0.012377000413835049
0 0.42461198568344116 0.5092030167579651 0.017294999212026596 0.012377000413835049
0 0.5487800240516663 0.37924501299858093 0.018182000145316124 0.012694000266492367
0 0.6368070244789124 0.39384299516677856 0.01773799955844879 0.012694000266492367
0 0.6368070244789124 0.40812399983406067 0.01773799955844879 0.012694000266492367
0 0.5922390222549438 0.423675000667572 0.018182000145316124 0.012694000266492367
0 0.6809309720993042 0.4379560053348541 0.018182000145316124 0.012694000266492367
0 0.5474500060081482 0.4516029953956604 0.018182000145316124 0.012694000266492367
0 0.6363639831542969 0.46683600544929504 0.01773799955844879 0.012694000266492367
0 0.5917959809303284 0.48080000281333923 0.018182000145316124 0.012694000266492367
0 0.6804879903793335 0.49539801478385925 0.018182000145316124 0.012694000266492367
0 0.5467849969863892 0.5096790194511414 0.01862500049173832 0.012694000266492367
0 0.7600889801979065 0.38003799319267273 0.016851000487804413 0.012377000413835049
0 0.8044350147247314 0.39431899785995483 0.01862500049173832 0.013012000359594822
0 0.8487799763679504 0.40955299139022827 0.01862500049173832 0.013012000359594822
0 0.893347978591919 0.42462700605392456 0.018182000145316124 0.012694000266492367
0 0.7600889801979065 0.43779799342155457 0.01773799955844879 0.012377000413835049
0 0.893347978591919 0.4531889855861664 0.017294999212026596 0.012059999629855156
0 0.8490020036697388 0.46747100353240967 0.018182000145316124 0.012059999629855156
0 0.7592020034790039 0.4815930128097534 0.01862500049173832 0.013012000359594822
0 0.8924610018730164 0.49730199575424194 0.017294999212026596 0.012059999629855156
0 0.12328200042247772 0.5956839919090271 0.01862500049173832 0.01332900021225214
0 0.257205992937088 0.5956839919090271 0.01862500049173832 0.01332900021225214
0 0.16807100176811218 0.6096479892730713 0.01862500049173832 0.012694000266492367
0 0.21286000311374664 0.6099650263786316 0.01862500049173832 0.012694000266492367
0 0.12328200042247772 0.6242460012435913 0.01862500049173832 0.012694000266492367
0 0.257205992937088 0.6242460012435913 0.01862500049173832 0.012694000266492367
0 0.16807100176811218 0.6388450264930725 0.01862500049173832 0.012694000266492367
0 0.257205992937088 0.639162003993988 0.01862500049173832 0.012059999629855156
0 0.3356980085372925 0.5947319865226746 0.019511999562382698 0.01332900021225214
0 0.4237250089645386 0.5952079892158508 0.018182000145316124 0.013012000359594822
0 0.4237250089645386 0.6096479892730713 0.018182000145316124 0.012694000266492367
0 0.3798229992389679 0.6250399947166443 0.018182000145316124 0.013012000359594822
0 0.4239470064640045 0.6250399947166443 0.019511999562382698 0.013012000359594822
0 0.3798229992389679 0.639162003993988 0.018182000145316124 0.012694000266492367
0 0.5467849969863892 0.5956839919090271 0.01862500049173832 0.012694000266492367
0 0.6800439953804016 0.5961599946022034 0.018182000145316124 0.013012000359594822
0 0.5913529992103577 0.6105999946594238 0.017294999212026596 0.012694000266492367
0 0.635919988155365 0.6109169721603394 0.01773799955844879 0.012694000266492367
0 0.5913529992103577 0.6255159974098206 0.017294999212026596 0.012694000266492367
0 0.6354770064353943 0.6258329749107361 0.01862500049173832 0.012694000266492367
0 0.5913529992103577 0.639955997467041 0.017294999212026596 0.012377000413835049
0 0.6356980204582214 0.6404320001602173 0.017294999212026596 0.012694000266492367
0 0.7594239711761475 0.5963190197944641 0.018182000145316124 0.01332900021225214
0 0.8924610018730164 0.5979049801826477 0.017294999212026596 0.01332900021225214
0 0.8033260107040405 0.6112350225448608 0.019068999215960503 0.01332900021225214
0 0.8481150269508362 0.6118689775466919 0.017294999212026596 0.012694000266492367
0 0.7589799761772156 0.6267849802970886 0.017294999212026596 0.012694000266492367
0 0.8920180201530457 0.6271029710769653 0.018182000145316124 0.012694000266492367
0 0.7592020034790039 0.6412249803543091 0.015964999794960022 0.012377000413835049
0 0.8472279906272888 0.6415420174598694 0.018182000145316124 0.012377000413835049
0 0.12172900140285492 0.7269120216369629 0.017294999212026596 0.013012000359594822
0 0.11862500011920929 0.8892419934272766 0.018182000145316124 0.012694000266492367
0 0.14124199748039246 0.844651997089386 0.018182000145316124 0.013012000359594822
0 0.18381400406360626 0.7856240272521973 0.018182000145316124 0.013012000359594822
0 0.3050999939441681 0.8297370076179504 0.01773799955844879 0.013012000359594822
0 0.4050999879837036 0.7715010046958923 0.018182000145316124 0.012694000266492367
0 0.42549899220466614 0.8148210048675537 0.017294999212026596 0.012377000413835049
0 0.44634100794792175 0.8003810048103333 0.018182000145316124 0.012694000266492367
0 0.46718400716781616 0.7570610046386719 0.018182000145316124 0.013646000064909458
0 0.5458980202674866 0.7565850019454956 0.01862500049173832 0.012694000266492367
0 0.5669620037078857 0.7569029927253723 0.018182000145316124 0.012059999629855156
0 0.5869179964065552 0.7860999703407288 0.017294999212026596 0.012694000266492367
0 0.607761025428772 0.8302130103111267 0.018182000145316124 0.012694000266492367
0 0.6875830292701721 0.8463979959487915 0.018182000145316124 0.01332900021225214
0 0.7086470127105713 0.7430970072746277 0.01773799955844879 0.013012000359594822
0 0.7299330234527588 0.8463979959487915 0.01862500049173832 0.012694000266492367
0 0.7507759928703308 0.8613139986991882 0.01862500049173832 0.012694000266492367
0 0.8297119736671448 0.8917800188064575 0.01862500049173832 0.01332900021225214
0 0.8512200117111206 0.8471909761428833 0.018182000145316124 0.012377000413835049
0 0.8707320094108582 0.7592830061912537 0.018182000145316124 0.013012000359594822
0 0.8924610018730164 0.7894319891929626 0.018182000145316124 0.012377000413835049
0 0.5517303943634033 0.757372260093689 0.04212860390543938 0.010206284001469612
0 0.36858537793159485 0.8446359634399414 0.04212860390543938 0.010206284001469612
0 0.5777809023857117 0.786920964717865 0.06341463327407837 0.010244366712868214
0 0.7164080142974854 0.30180901288986206 0.01463400013744831 0.01078999973833561
0 0.7345899939537048 0.1488420069217682 0.01463400013744831 0.0095210000872612
0 0.7516630291938782 0.14979399740695953 0.015077999792993069 0.010156000033020973
0 0.7849220037460327 0.28530600666999817 0.015077999792993069 0.01078999973833561
0 0.8589800000190735 0.2524600028991699 0.015077999792993069 0.0117419995367527
0 0.8764969706535339 0.2188190072774887 0.01463400013744831 0.011107999831438065
0 0.8926830291748047 0.2019989937543869 0.012416999787092209 0.011107999831438065
0 0.21374699473381042 0.3774990141391754 0.01862500049173832 0.013012000359594822
0 0.1241689994931221 0.4062199890613556 0.01862500049173832 0.012694000266492367
0 0.1246120035648346 0.4214540123939514 0.01862500049173832 0.012694000266492367
0 0.258092999458313 0.4358929991722107 0.01862500049173832 0.013012000359594822
0 0.21374699473381042 0.45033299922943115 0.01862500049173832 0.012059999629855156
0 0.21241700649261475 0.46493199467658997 0.01862500049173832 0.012694000266492367
0 0.2126390039920807 0.4798479974269867 0.018182000145316124 0.012694000266492367
0 0.257205992937088 0.4944460093975067 0.01862500049173832 0.012694000266492367
0 0.1246120035648346 0.5087270140647888 0.01862500049173832 0.012694000266492367
0 0.4694010019302368 0.3790859878063202 0.017294999212026596 0.012377000413835049
0 0.3813750147819519 0.3933669924736023 0.01862500049173832 0.012377000413835049
0 0.42505499720573425 0.4219299852848053 0.018182000145316124 0.012377000413835049
0 0.4682930111885071 0.43684500455856323 0.01862500049173832 0.012377000413835049
0 0.46807101368904114 0.46572500467300415 0.018182000145316124 0.012377000413835049
0 0.42461198568344116 0.48000600934028625 0.018182000145316124 0.012377000413835049
0 0.4682930111885071 0.49428799748420715 0.01862500049173832 0.012377000413835049
0 0.42461198568344116 0.5092030167579651 0.017294999212026596 0.012377000413835049
0 0.5487800240516663 0.37924501299858093 0.018182000145316124 0.012694000266492367
0 0.6368070244789124 0.39384299516677856 0.01773799955844879 0.012694000266492367
0 0.6368070244789124 0.40812399983406067 0.01773799955844879 0.012694000266492367
0 0.5922390222549438 0.423675000667572 0.018182000145316124 0.012694000266492367
0 0.6809309720993042 0.4379560053348541 0.018182000145316124 0.012694000266492367
0 0.6363639831542969 0.46683600544929504 0.01773799955844879 0.012694000266492367
0 0.5917959809303284 0.48080000281333923 0.018182000145316124 0.012694000266492367
0 0.6804879903793335 0.49539801478385925 0.018182000145316124 0.012694000266492367
0 0.5467849969863892 0.5096790194511414 0.01862500049173832 0.012694000266492367
0 0.7600889801979065 0.38003799319267273 0.016851000487804413 0.012377000413835049
0 0.8044350147247314 0.39431899785995483 0.01862500049173832 0.013012000359594822
0 0.8487799763679504 0.40955299139022827 0.01862500049173832 0.013012000359594822
0 0.893347978591919 0.42462700605392456 0.018182000145316124 0.012694000266492367
0 0.7600889801979065 0.43779799342155457 0.01773799955844879 0.012377000413835049
0 0.893347978591919 0.4531889855861664 0.017294999212026596 0.012059999629855156
0 0.8490020036697388 0.46747100353240967 0.018182000145316124 0.012059999629855156
0 0.7592020034790039 0.4815930128097534 0.01862500049173832 0.013012000359594822
0 0.8924610018730164 0.49730199575424194 0.017294999212026596 0.012059999629855156
0 0.7594239711761475 0.5104730129241943 0.017294999212026596 0.012377000413835049
0 0.12328200042247772 0.5956839919090271 0.01862500049173832 0.01332900021225214
0 0.257205992937088 0.5956839919090271 0.01862500049173832 0.01332900021225214
0 0.16807100176811218 0.6096479892730713 0.01862500049173832 0.012694000266492367
0 0.21286000311374664 0.6099650263786316 0.01862500049173832 0.012694000266492367
0 0.12328200042247772 0.6242460012435913 0.01862500049173832 0.012694000266492367
0 0.257205992937088 0.6242460012435913 0.01862500049173832 0.012694000266492367
0 0.16807100176811218 0.6388450264930725 0.01862500049173832 0.012694000266492367
0 0.257205992937088 0.639162003993988 0.01862500049173832 0.012059999629855156
0 0.3356980085372925 0.5947319865226746 0.019511999562382698 0.01332900021225214
0 0.4237250089645386 0.5952079892158508 0.018182000145316124 0.013012000359594822
0 0.4237250089645386 0.6096479892730713 0.018182000145316124 0.012694000266492367
0 0.3798229992389679 0.6250399947166443 0.018182000145316124 0.013012000359594822
0 0.4239470064640045 0.6250399947166443 0.019511999562382698 0.013012000359594822
0 0.3798229992389679 0.639162003993988 0.018182000145316124 0.012694000266492367
0 0.5467849969863892 0.5956839919090271 0.01862500049173832 0.012694000266492367
0 0.6800439953804016 0.5961599946022034 0.018182000145316124 0.013012000359594822
0 0.5913529992103577 0.6105999946594238 0.017294999212026596 0.012694000266492367
0 0.635919988155365 0.6109169721603394 0.01773799955844879 0.012694000266492367
0 0.5913529992103577 0.6255159974098206 0.017294999212026596 0.012694000266492367
0 0.6354770064353943 0.6258329749107361 0.01862500049173832 0.012694000266492367
0 0.5913529992103577 0.639955997467041 0.017294999212026596 0.012377000413835049
0 0.8924610018730164 0.5979049801826477 0.017294999212026596 0.01332900021225214
0 0.8033260107040405 0.6112350225448608 0.019068999215960503 0.01332900021225214
0 0.8481150269508362 0.6118689775466919 0.017294999212026596 0.012694000266492367
0 0.7589799761772156 0.6267849802970886 0.017294999212026596 0.012694000266492367
0 0.8920180201530457 0.6271029710769653 0.018182000145316124 0.012694000266492367
0 0.7592020034790039 0.6412249803543091 0.015964999794960022 0.012377000413835049
0 0.8472279906272888 0.6415420174598694 0.018182000145316124 0.012377000413835049
0 0.12172900140285492 0.7269120216369629 0.017294999212026596 0.013012000359594822
0 0.11862500011920929 0.8892419934272766 0.018182000145316124 0.012694000266492367
0 0.14124199748039246 0.844651997089386 0.018182000145316124 0.013012000359594822
0 0.16385799646377563 0.7416689991950989 0.017294999212026596 0.012694000266492367
0 0.18381400406360626 0.7856240272521973 0.018182000145316124 0.013012000359594822
0 0.26385799050331116 0.7713419795036316 0.01862500049173832 0.012377000413835049
0 0.3050999939441681 0.8297370076179504 0.01773799955844879 0.013012000359594822
0 0.4050999879837036 0.7715010046958923 0.018182000145316124 0.012694000266492367
0 0.42549899220466614 0.8148210048675537 0.017294999212026596 0.012377000413835049
0 0.44634100794792175 0.8003810048103333 0.018182000145316124 0.012694000266492367
0 0.46718400716781616 0.7570610046386719 0.018182000145316124 0.013646000064909458
0 0.5458980202674866 0.7565850019454956 0.01862500049173832 0.012694000266492367
0 0.5669620037078857 0.7569029927253723 0.018182000145316124 0.012059999629855156
0 0.5869179964065552 0.7860999703407288 0.017294999212026596 0.012694000266492367
0 0.607761025428772 0.8302130103111267 0.018182000145316124 0.012694000266492367
0 0.6875830292701721 0.8463979959487915 0.018182000145316124 0.01332900021225214
0 0.7086470127105713 0.7430970072746277 0.01773799955844879 0.013012000359594822
0 0.7299330234527588 0.8463979959487915 0.01862500049173832 0.012694000266492367
0 0.7507759928703308 0.8613139986991882 0.01862500049173832 0.012694000266492367
0 0.8297119736671448 0.8917800188064575 0.01862500049173832 0.01332900021225214
0 0.8512200117111206 0.8471909761428833 0.018182000145316124 0.012377000413835049
0 0.8707320094108582 0.7592830061912537 0.018182000145316124 0.013012000359594822
0 0.8924610018730164 0.7894319891929626 0.018182000145316124 0.012377000413835049
0 0.7139689922332764 0.15122200548648834 0.015077999792993069 0.011107999831438065
0 0.7294899821281433 0.25309398770332336 0.015077999792993069 0.010472999885678291
0 0.7458980083465576 0.25309398770332336 0.015077999792993069 0.011107999831438065
0 0.7640799880027771 0.20263400673866272 0.015077999792993069 0.011107999831438065
0 0.7809309959411621 0.21945400536060333 0.015077999792993069 0.011107999831438065
0 0.7973390221595764 0.2880040109157562 0.015077999792993069 0.011107999831438065
0 0.8558760285377502 0.18613100051879883 0.015077999792993069 0.011107999831438065
0 0.2082040011882782 0.37892699241638184 0.018182000145316124 0.012694000266492367
0 0.2523280084133148 0.39384299516677856 0.01862500049173832 0.012694000266492367
0 0.16496700048446655 0.4079659879207611 0.01862500049173832 0.013012000359594822
0 0.1643020063638687 0.42240598797798157 0.018182000145316124 0.012694000266492367
0 0.2082040011882782 0.43748000264167786 0.018182000145316124 0.012377000413835049
0 0.1643020063638687 0.4516029953956604 0.018182000145316124 0.012694000266492367
0 0.12150800228118896 0.46604299545288086 0.01862500049173832 0.012377000413835049
0 0.1643020063638687 0.4806410074234009 0.018182000145316124 0.013012000359594822
0 0.2082040011882782 0.4955570101737976 0.018182000145316124 0.012377000413835049
0 0.12062100321054459 0.5092030167579651 0.01862500049173832 0.012377000413835049
0 0.4634149968624115 0.3816249966621399 0.01862500049173832 0.013012000359594822
0 0.4634149968624115 0.39638200402259827 0.01862500049173832 0.012694000266492367
0 0.3753879964351654 0.41002899408340454 0.018182000145316124 0.012694000266492367
0 0.4634149968624115 0.4247860014438629 0.01862500049173832 0.013646000064909458
0 0.46319299936294556 0.43970200419425964 0.018182000145316124 0.013646000064909458
0 0.3753879964351654 0.4535070061683655 0.018182000145316124 0.012694000266492367
0 0.3319289982318878 0.4677880108356476 0.019068999215960503 0.012694000266492367
0 0.3314859867095947 0.4823870062828064 0.018182000145316124 0.012694000266492367
0 0.3314859867095947 0.4966680109500885 0.018182000145316124 0.012694000266492367
0 0.418846994638443 0.5122179985046387 0.018182000145316124 0.012694000266492367
0 0.542572021484375 0.3816249966621399 0.018182000145316124 0.013646000064909458
0 0.5862529873847961 0.39638200402259827 0.01862500049173832 0.012694000266492367
0 0.6308199763298035 0.4120909869670868 0.018182000145316124 0.013012000359594822
0 0.5855879783630371 0.42653098702430725 0.018182000145316124 0.012059999629855156
0 0.6301550269126892 0.44113001227378845 0.01862500049173832 0.012694000266492367
0 0.6299329996109009 0.4557279944419861 0.018182000145316124 0.012694000266492367
0 0.674278974533081 0.47001001238822937 0.018182000145316124 0.012694000266492367
0 0.6297119855880737 0.484607994556427 0.01862500049173832 0.012694000266492367
0 0.6290469765663147 0.5138049721717834 0.018182000145316124 0.012059999629855156
0 0.8004429936408997 0.3978100121021271 0.01862500049173832 0.013012000359594822
0 0.8445680141448975 0.41288501024246216 0.019068999215960503 0.012694000266492367
0 0.7543240189552307 0.42653098702430725 0.01862500049173832 0.012694000266492367
0 0.8443459868431091 0.4420819878578186 0.01862500049173832 0.012694000266492367
0 0.8886920213699341 0.45699799060821533 0.01862500049173832 0.012694000266492367
0 0.7534369826316833 0.4706439971923828 0.01862500049173832 0.012694000266492367
0 0.7532150149345398 0.48555999994277954 0.019068999215960503 0.012694000266492367
0 0.7977830171585083 0.5004760026931763 0.01862500049173832 0.012694000266492367
0 0.8432369828224182 0.5157089829444885 0.019068999215960503 0.012694000266492367
0 0.11929000169038773 0.5953670144081116 0.01773799955844879 0.012694000266492367
0 0.2523280084133148 0.5963190197944641 0.01773799955844879 0.012694000266492367
0 0.11906900256872177 0.6104410290718079 0.018182000145316124 0.012377000413835049
0 0.2523280084133148 0.6112350225448608 0.01773799955844879 0.012694000266492367
0 0.11906900256872177 0.6242460012435913 0.018182000145316124 0.012694000266492367
0 0.20753900706768036 0.6251980066299438 0.01862500049173832 0.012694000266492367
0 0.25255000591278076 0.6402729749679565 0.018182000145316124 0.012377000413835049
0 0.3303770124912262 0.5971119999885559 0.01773799955844879 0.013646000064909458
0 0.4184040129184723 0.5977470278739929 0.018182000145316124 0.013012000359594822
0 0.3749450147151947 0.6123449802398682 0.018182000145316124 0.013012000359594822
0 0.3738360106945038 0.6274200081825256 0.01773799955844879 0.012694000266492367
0 0.4614189863204956 0.6272609829902649 0.018182000145316124 0.013012000359594822
0 0.417959988117218 0.6415420174598694 0.018182000145316124 0.012377000413835049
0 0.5403550267219543 0.599016010761261 0.018182000145316124 0.012377000413835049
0 0.6722840070724487 0.6001269817352295 0.01862500049173832 0.01332900021225214
0 0.5838140249252319 0.6136149764060974 0.018182000145316124 0.012377000413835049
0 0.6725059747695923 0.6148840188980103 0.018182000145316124 0.012377000413835049
0 0.5405759811401367 0.6285309791564941 0.01862500049173832 0.012377000413835049
0 0.6718400120735168 0.629800021648407 0.01862500049173832 0.012377000413835049
0 0.5399109721183777 0.6424940228462219 0.018182000145316124 0.012377000413835049
0 0.6288250088691711 0.6432880163192749 0.01862500049173832 0.012694000266492367
0 0.7966740131378174 0.6021900177001953 0.018182000145316124 0.013012000359594822
0 0.8860309720039368 0.6037769913673401 0.01862500049173832 0.013646000064909458
0 0.8860309720039368 0.6180580258369446 0.01862500049173832 0.013012000359594822
0 0.796451985836029 0.6307520270347595 0.01862500049173832 0.013012000359594822
0 0.8410199880599976 0.6323390007019043 0.018182000145316124 0.013012000359594822
0 0.7516630291938782 0.6450330018997192 0.01862500049173832 0.0117419995367527
0 0.8419070243835449 0.646619975566864 0.017294999212026596 0.012377000413835049
0 0.13813699781894684 0.7848299741744995 0.017294999212026596 0.012694000266492367
0 0.15853700041770935 0.814503014087677 0.017294999212026596 0.0117419995367527
0 0.17827099561691284 0.814503014087677 0.01773799955844879 0.012377000413835049
0 0.2585369944572449 0.7280229926109314 0.01773799955844879 0.01332900021225214
0 0.257205992937088 0.8441759943962097 0.01773799955844879 0.012694000266492367
0 0.299778014421463 0.743573009967804 0.01773799955844879 0.01332900021225214
0 0.3991129994392395 0.7292919754981995 0.01773799955844879 0.012694000266492367
0 0.3975610136985779 0.8162490129470825 0.017294999212026596 0.012694000266492367
0 0.41906899213790894 0.7438910007476807 0.01773799955844879 0.012694000266492367
0 0.4388029873371124 0.7883210182189941 0.017294999212026596 0.012694000266492367
0 0.45920199155807495 0.846714973449707 0.017294999212026596 0.012694000266492367
0 0.5361419916152954 0.8617900013923645 0.01773799955844879 0.012377000413835049
0 0.5576500296592712 0.847985029220581 0.017294999212026596 0.01332900021225214
0 0.5793790221214294 0.7459539771080017 0.017294999212026596 0.0117419995367527
0 0.598226010799408 0.8919389843940735 0.01773799955844879 0.012377000413835049
0 0.6796010136604309 0.7323070168495178 0.018182000145316124 0.013012000359594822
0 0.6787139773368835 0.8056169748306274 0.018182000145316124 0.012377000413835049
0 0.6995570063591003 0.8056169748306274 0.018182000145316124 0.012377000413835049
0 0.7199559807777405 0.8649640083312988 0.017294999212026596 0.012377000413835049
0 0.741241991519928 0.7919710278511047 0.018182000145316124 0.012377000413835049
0 0.8212860226631165 0.763725996017456 0.01862500049173832 0.013012000359594822
0 0.8421289920806885 0.7640429735183716 0.01773799955844879 0.013012000359594822
0 0.8638579845428467 0.8532209992408752 0.01773799955844879 0.012377000413835049
0 0.8851439952850342 0.8240240216255188 0.01862500049173832 0.013012000359594822
0 0.712742805480957 0.15112662315368652 0.012860310263931751 0.009838146157562733
0 0.7633835673332214 0.20248174667358398 0.012860310263931751 0.009838146157562733
0 0.7802638411521912 0.2196001261472702 0.012860310263931751 0.009838146157562733
0 0.7465033531188965 0.25383687019348145 0.012860310263931751 0.009838146157562733
0 0.7971441149711609 0.2880736291408539 0.012860310263931751 0.009838146157562733
0 0.16545455157756805 0.4095883071422577 0.014634146355092525 0.010028562508523464
0 0.20890909433364868 0.49707749485969543 0.014634146355092525 0.010028562508523464
0 0.4635121822357178 0.38119328022003174 0.014634146355092525 0.010060298256576061
0 0.4635121822357178 0.3958209455013275 0.014634146355092525 0.010060298256576061
0 0.37678492069244385 0.4104486107826233 0.014634146355092525 0.010060298256576061
0 0.4635121822357178 0.42507630586624146 0.014634146355092525 0.010060298256576061
0 0.4635121822357178 0.43970397114753723 0.014634146355092525 0.010060298256576061
0 0.3334212899208069 0.4689593017101288 0.014634146355092525 0.010060298256576061
0 0.3334212899208069 0.4982146620750427 0.014634146355092525 0.010060298256576061
0 0.5439556837081909 0.3827800750732422 0.014634146355092525 0.010060298256576061
0 0.6305010914802551 0.4412907660007477 0.014634146355092525 0.010060298256576061
0 0.6305010914802551 0.45591843128204346 0.014634146355092525 0.010060298256576061
0 0.6737738251686096 0.4705461263656616 0.014634146355092525 0.010060298256576061
0 0.6305010914802551 0.4851737916469574 0.014634146355092525 0.010060298256576061
0 0.6305010914802551 0.5144291520118713 0.014634146355092525 0.010060298256576061
0 0.8453636169433594 0.4136222004890442 0.015077604912221432 0.010060298256576061
0 0.8898181915283203 0.4575052261352539 0.015077604912221432 0.010060298256576061
0 0.1213303804397583 0.5966359972953796 0.014634146355092525 0.010790225118398666
0 0.2531973421573639 0.5966359972953796 0.014634146355092525 0.010790225118398666
0 0.1213303804397583 0.611488401889801 0.014634146355092525 0.010790225118398666
0 0.2531973421573639 0.611488401889801 0.014634146355092525 0.010790225118398666
0 0.20924168825149536 0.6263408660888672 0.014634146355092525 0.010790225118398666
0 0.2531973421573639 0.6411932706832886 0.014634146355092525 0.010790225118398666
0 0.42019954323768616 0.5982418060302734 0.014634146355092525 0.010736274532973766
0 0.3767017722129822 0.6130200028419495 0.014634146355092525 0.010736274532973766
0 0.42019954323768616 0.6425763368606567 0.014634146355092525 0.010736274532973766
0 0.6746035218238831 0.5999587178230286 0.014634146355092525 0.010817200876772404
0 0.5870585441589355 0.6148483157157898 0.014634146355092525 0.010817200876772404
0 0.6308310627937317 0.6446273922920227 0.014634146355092525 0.010817200876772404
0 0.7993033528327942 0.6021421551704407 0.015077604912221432 0.010925102978944778
0 0.8438084125518799 0.6472564339637756 0.015077604912221432 0.010925102978944778
0 0.11941463500261307 0.7856820225715637 0.01419068779796362 0.010168200358748436
0 0.1400407999753952 0.7856820225715637 0.01419068779796362 0.010168200358748436
0 0.2598314881324768 0.728675365447998 0.01419068779796362 0.010168200358748436
0 0.44140133261680603 0.7877397537231445 0.01419068779796362 0.01018089521676302
0 0.40053215622901917 0.8167552947998047 0.01419068779796362 0.01018089521676302
0 0.40053215622901917 0.7297086715698242 0.01419068779796362 0.01018089521676302
0 0.4209667444229126 0.7442164421081543 0.01419068779796362 0.01018089521676302
0 0.6814368367195129 0.732506513595581 0.01419068779796362 0.010320533066987991
0 0.8664727210998535 0.8534204959869385 0.01419068779796362 0.010396699421107769
0 0.712742805480957 0.15112662315368652 0.012860310263931751 0.009838146157562733
0 0.7633835673332214 0.20248174667358398 0.012860310263931751 0.009838146157562733
0 0.7802638411521912 0.2196001261472702 0.012860310263931751 0.009838146157562733
0 0.7465033531188965 0.25383687019348145 0.012860310263931751 0.009838146157562733
0 0.7971441149711609 0.2880736291408539 0.012860310263931751 0.009838146157562733
0 0.20890909433364868 0.49707749485969543 0.014634146355092525 0.010028562508523464
0 0.4635121822357178 0.38119328022003174 0.014634146355092525 0.010060298256576061
0 0.4635121822357178 0.3958209455013275 0.014634146355092525 0.010060298256576061
0 0.37678492069244385 0.4104486107826233 0.014634146355092525 0.010060298256576061
0 0.4635121822357178 0.42507630586624146 0.014634146355092525 0.010060298256576061
0 0.3334212899208069 0.4689593017101288 0.014634146355092525 0.010060298256576061
0 0.3334212899208069 0.48358699679374695 0.014634146355092525 0.010060298256576061
0 0.3334212899208069 0.4982146620750427 0.014634146355092525 0.010060298256576061
0 0.5439556837081909 0.3827800750732422 0.014634146355092525 0.010060298256576061
0 0.6305010914802551 0.4412907660007477 0.014634146355092525 0.010060298256576061
0 0.6305010914802551 0.45591843128204346 0.014634146355092525 0.010060298256576061
0 0.6737738251686096 0.4705461263656616 0.014634146355092525 0.010060298256576061
0 0.6305010914802551 0.4851737916469574 0.014634146355092525 0.010060298256576061
0 0.6305010914802551 0.5144291520118713 0.014634146355092525 0.010060298256576061
0 0.8453636169433594 0.4136222004890442 0.015077604912221432 0.010060298256576061
0 0.8898181915283203 0.4575052261352539 0.015077604912221432 0.010060298256576061
0 0.1213303804397583 0.5966359972953796 0.014634146355092525 0.010790225118398666
0 0.2531973421573639 0.5966359972953796 0.014634146355092525 0.010790225118398666
0 0.1213303804397583 0.611488401889801 0.014634146355092525 0.010790225118398666
0 0.2531973421573639 0.611488401889801 0.014634146355092525 0.010790225118398666
0 0.20924168825149536 0.6263408660888672 0.014634146355092525 0.010790225118398666
0 0.2531973421573639 0.6411932706832886 0.014634146355092525 0.010790225118398666
0 0.3332040011882782 0.5982418060302734 0.014634146355092525 0.010736274532973766
0 0.42019954323768616 0.5982418060302734 0.014634146355092525 0.010736274532973766
0 0.42019954323768616 0.6425763368606567 0.014634146355092525 0.010736274532973766
0 0.6746035218238831 0.5999587178230286 0.014634146355092525 0.010817200876772404
0 0.5870585441589355 0.6148483157157898 0.014634146355092525 0.010817200876772404
0 0.5432860255241394 0.6297378540039062 0.014634146355092525 0.010817200876772404
0 0.6308310627937317 0.6446273922920227 0.014634146355092525 0.010817200876772404
0 0.7993033528327942 0.6021421551704407 0.015077604912221432 0.010925102978944778
0 0.8438084125518799 0.6472564339637756 0.015077604912221432 0.010925102978944778
0 0.11941463500261307 0.7856820225715637 0.01419068779796362 0.010168200358748436
0 0.16066695749759674 0.8146613836288452 0.01419068779796362 0.010168200358748436
0 0.2598314881324768 0.728675365447998 0.01419068779796362 0.010168200358748436
0 0.40053215622901917 0.7297086715698242 0.01419068779796362 0.01018089521676302
0 0.4209667444229126 0.7442164421081543 0.01419068779796362 0.01018089521676302
0 0.8664727210998535 0.8534204959869385 0.01419068779796362 0.010396699421107769
