0 0.714352548122406 0.1480260193347931 0.012860310263931751 0.009727071039378643
0 0.7646873593330383 0.1480260193347931 0.012860310263931751 0.009727071039378643
0 0.7814656496047974 0.23265154659748077 0.012860310263931751 0.009727071039378643
0 0.7982438802719116 0.2495766431093216 0.012860310263931751 0.009727071039378643
0 0.7479090690612793 0.2665017545223236 0.012860310263931751 0.009727071039378643
0 0.8573836088180542 0.19880133867263794 0.011086474172770977 0.009727071039378643
0 0.8744745254516602 0.19880133867263794 0.011086474172770977 0.009727071039378643
0 0.8915653824806213 0.30035194754600525 0.011086474172770977 0.009727071039378643
0 0.2518669664859772 0.3796064853668213 0.015077604912221432 0.010060298256576061
0 0.16350331902503967 0.39423415064811707 0.015077604912221432 0.010060298256576061
0 0.11932151019573212 0.40886181592941284 0.015077604912221432 0.010060298256576061
0 0.20768514275550842 0.4234894812107086 0.015077604912221432 0.010060298256576061
0 0.2518669664859772 0.4381171762943268 0.015077604912221432 0.010060298256576061
0 0.20768514275550842 0.45274484157562256 0.015077604912221432 0.010060298256576061
0 0.16350331902503967 0.46737250685691833 0.015077604912221432 0.010060298256576061
0 0.11932151019573212 0.4966278672218323 0.015077604912221432 0.010060298256576061
0 0.20768514275550842 0.5112555623054504 0.015077604912221432 0.010060298256576061
0 0.3344079852104187 0.37940654158592224 0.014634146355092525 0.010012694634497166
0 0.46586254239082336 0.3939650058746338 0.014634146355092525 0.010012694634497166
0 0.4220443367958069 0.40852344036102295 0.014634146355092525 0.010012694634497166
0 0.3782261610031128 0.4230819046497345 0.014634146355092525 0.010012694634497166
0 0.4220443367958069 0.43764036893844604 0.014634146355092525 0.010012694634497166
0 0.4220443367958069 0.4521988332271576 0.014634146355092525 0.010012694634497166
0 0.46586254239082336 0.46675729751586914 0.014634146355092525 0.010012694634497166
0 0.4220443367958069 0.4813157320022583 0.014634146355092525 0.010012694634497166
0 0.46586254239082336 0.49587419629096985 0.014634146355092525 0.010012694634497166
0 0.3782261610031128 0.5104326605796814 0.014634146355092525 0.010012694634497166
0 0.547829270362854 0.37965723872184753 0.014634146355092525 0.009996826760470867
0 0.547829270362854 0.394192636013031 0.014634146355092525 0.009996826760470867
0 0.6784656047821045 0.4087280333042145 0.014634146355092525 0.009996826760470867
0 0.6349201798439026 0.42326340079307556 0.014634146355092525 0.009996826760470867
0 0.5913746953010559 0.43779879808425903 0.014634146355092525 0.009996826760470867
0 0.5913746953010559 0.4523341655731201 0.014634146355092525 0.009996826760470867
0 0.6784656047821045 0.4668695628643036 0.014634146355092525 0.009996826760470867
0 0.5913746953010559 0.48140496015548706 0.014634146355092525 0.009996826760470867
0 0.547829270362854 0.5104756951332092 0.014634146355092525 0.009996826760470867
0 0.8493703007698059 0.3793557584285736 0.015077604912221432 0.01007616613060236
0 0.8935521245002747 0.39400652050971985 0.015077604912221432 0.01007616613060236
0 0.8493703007698059 0.4086572527885437 0.015077604912221432 0.01007616613060236
0 0.8493703007698059 0.42330798506736755 0.015077604912221432 0.01007616613060236
0 0.8493703007698059 0.4379587471485138 0.015077604912221432 0.01007616613060236
0 0.8935521245002747 0.4672602415084839 0.015077604912221432 0.01007616613060236
0 0.8935521245002747 0.48191097378730774 0.015077604912221432 0.01007616613060236
0 0.8935521245002747 0.496561735868454 0.015077604912221432 0.01007616613060236
0 0.8051884770393372 0.5112124681472778 0.015077604912221432 0.01007616613060236
0 0.1638266146183014 0.5980165004730225 0.015077604912221432 0.010925102978944778
0 0.20833170413970947 0.5980165004730225 0.015077604912221432 0.010925102978944778
0 0.1638266146183014 0.6130545735359192 0.015077604912221432 0.010925102978944778
0 0.25283679366111755 0.6130545735359192 0.015077604912221432 0.010925102978944778
0 0.11932151019573212 0.6280926465988159 0.015077604912221432 0.010925102978944778
0 0.20833170413970947 0.6280926465988159 0.015077604912221432 0.010925102978944778
0 0.11932151019573212 0.6431307792663574 0.015077604912221432 0.010925102978944778
0 0.25283679366111755 0.6431307792663574 0.015077604912221432 0.010925102978944778
0 0.3789472281932831 0.5977181792259216 0.014634146355092525 0.010871152393519878
0 0.46759113669395447 0.5977181792259216 0.014634146355092525 0.010871152393519878
0 0.3346252739429474 0.6126819849014282 0.014634146355092525 0.010871152393519878
0 0.46759113669395447 0.6126819849014282 0.014634146355092525 0.010871152393519878
0 0.3346252739429474 0.6276458501815796 0.014634146355092525 0.010871152393519878
0 0.46759113669395447 0.6276458501815796 0.014634146355092525 0.010871152393519878
0 0.3346252739429474 0.6426096558570862 0.014634146355092525 0.010871152393519878
0 0.4232691824436188 0.6426096558570862 0.014634146355092525 0.010871152393519878
0 0.5483725070953369 0.5981656908988953 0.014634146355092525 0.010952078737318516
0 0.6370164155960083 0.5981656908988953 0.014634146355092525 0.010952078737318516
0 0.5926944613456726 0.6132408976554871 0.014634146355092525 0.010952078737318516
0 0.681338369846344 0.6132408976554871 0.014634146355092525 0.010952078737318516
0 0.5926944613456726 0.6283161044120789 0.014634146355092525 0.010952078737318516
0 0.681338369846344 0.6283161044120789 0.014634146355092525 0.010952078737318516
0 0.5926944613456726 0.6433913111686707 0.014634146355092525 0.010952078737318516
0 0.6370164155960083 0.6433913111686707 0.014634146355092525 0.010952078737318516
0 0.8055117726325989 0.5981656908988953 0.015077604912221432 0.010952078737318516
0 0.8500168323516846 0.5981656908988953 0.015077604912221432 0.010952078737318516
0 0.8055117726325989 0.6132408976554871 0.015077604912221432 0.010952078737318516
0 0.8500168323516846 0.6132408976554871 0.015077604912221432 0.010952078737318516
0 0.8055117726325989 0.6283161044120789 0.015077604912221432 0.010952078737318516
0 0.894521951675415 0.6283161044120789 0.015077604912221432 0.010952078737318516
0 0.8055117726325989 0.6433913111686707 0.015077604912221432 0.010952078737318516
0 0.8500168323516846 0.6433913111686707 0.015077604912221432 0.010952078737318516
0 0.1179976537823677 0.7331477403640747 0.015521064400672913 0.0117423040792346
0 0.13831084966659546 0.7610744833946228 0.015521064400672913 0.0117423040792346
0 0.15953440964221954 0.8356791734695435 0.015521064400672913 0.0117423040792346
0 0.18058452010154724 0.8354949355125427 0.015521064400672913 0.0117423040792346
0 0.3029400110244751 0.7473103404045105 0.015521064400672913 0.0117423040792346
0 0.2597821056842804 0.8211585879325867 0.015521064400672913 0.0117423040792346
0 0.28097230195999146 0.8508996367454529 0.015521064400672913 0.0117423040792346
0 0.3231537640094757 0.8805017471313477 0.015521064400672913 0.0117423040792346
0 0.4238259196281433 0.8203580379486084 0.015521064400672913 0.0117423040792346
0 0.46595510840415955 0.8652217388153076 0.015521064400672913 0.0117423040792346
0 0.402567982673645 0.8801303505897522 0.015521064400672913 0.0117423040792346
0 0.44482243061065674 0.8801147937774658 0.015521064400672913 0.0117423040792346
0 0.5678339004516602 0.7775118947029114 0.015521064400672913 0.0117423040792346
0 0.5466614961624146 0.8062794804573059 0.015521064400672913 0.0117423040792346
0 0.610069990158081 0.8208242058753967 0.015521064400672913 0.0117423040792346
0 0.5888732671737671 0.8928300738334656 0.015521064400672913 0.0117423040792346
0 0.6892151832580566 0.733473539352417 0.015521064400672913 0.0117423040792346
0 0.7311390042304993 0.764162540435791 0.015521064400672913 0.0117423040792346
0 0.7521432638168335 0.778553307056427 0.015521064400672913 0.0117423040792346
0 0.7101090550422668 0.7928744554519653 0.015521064400672913 0.0117423040792346
0 0.6891259551048279 0.8071511387825012 0.015521064400672913 0.0117423040792346
0 0.8731644153594971 0.7776883244514465 0.015521064400672913 0.0117423040792346
0 0.8520813584327698 0.8065070509910583 0.015521064400672913 0.0117423040792346
0 0.8310242891311646 0.8209651112556458 0.015521064400672913 0.0117423040792346
0 0.8942527174949646 0.82093745470047 0.015521064400672913 0.0117423040792346
